-2.2648080000000004,0.696864,-3.2229959999999997,4.268847,4.268847,-3.04878,-0.235192,4.02439,4.777874,5.484321,5.818815,1.0,11.48
-3.1986529999999997,0.673401,-3.872054,3.484321,3.484321,-5.06734,-4.250842,0.022446999999999998,1.073232,1.7575759999999998,2.124018,1.0,11.88
-2.213115,0.491803,-2.295082,2.693603,2.693603,-5.590164,-6.581967,-3.092896,-1.536885,-1.019672,-0.565574,1.0,12.2
-0.411184,1.7269740000000002,-0.657895,-0.327869,-0.327869,-3.404605,-5.888158,-3.251096,-1.2253290000000001,-0.815789,-0.276864,0.0,12.16
2.716469,3.140917,0.0,-3.125,-3.125,1.018676,-2.4872669999999997,-0.877193,1.7275040000000002,2.183362,2.758914,-1.0,11.78
-0.41946300000000003,1.426175,-3.2718119999999997,1.1884549999999998,1.1884549999999998,0.57047,-3.028523,-2.4217,0.28104,0.842282,1.420582,1.0,11.92
0.584307,2.003339,-0.083472,0.503356,0.503356,0.23372300000000001,-2.813022,-3.288815,-0.550918,0.230384,0.795771,0.0,11.98
-2.8432169999999997,0.568643,-3.493095,2.754591,2.754591,-2.2745740000000003,-4.354184,-5.702681,-3.5377739999999998,-2.388302,-1.9658810000000002,1.0,12.31
0.409836,1.557377,-0.655738,-0.893582,-0.893582,-1.327869,-2.5245900000000003,-4.573771,-3.008197,-1.504918,-1.172131,-1.0,12.2
-2.568218,0.40128400000000003,-3.210273,2.131148,2.131148,-2.295345,-3.394864,-5.971107,-5.288925,-3.5184589999999996,-3.210273,1.0,12.46
1.8699189999999999,1.8699189999999999,-0.243902,-1.284109,-1.284109,-0.406504,-1.471545,-4.151762000000001,-4.1788620000000005,-2.334959,-1.96206,-1.0,12.3
-0.640512,1.761409,-0.640512,1.544715,1.544715,-1.104884,-2.481986,-4.889245,-5.7045639999999995,-3.910328,-3.4027220000000002,1.0,12.49
-0.159744,1.4377,-0.559105,0.24019200000000002,0.24019200000000002,-1.00639,-2.460064,-4.307774,-5.714856,-4.3258790000000005,-3.522364,0.0,12.52
-0.39872399999999997,0.0,-1.036683,0.159744,0.159744,-0.6220100000000001,-2.3126,-3.652313,-5.5263160000000005,-4.634769,-3.5832,0.0,12.54
0.079808,0.638468,-0.478851,-0.07974500000000001,-0.07974500000000001,-0.43096599999999996,-1.6360729999999999,-2.766693,-4.980048,-4.740623,-3.453046,0.0,12.53
-0.951626,0.713719,-2.061856,0.638468,0.638468,-0.570975,-1.712926,-2.786149,-5.023791,-5.341792,-4.041766,1.0,12.61
-0.9360370000000001,0.780031,-1.7160689999999998,1.665345,1.665345,-1.684867,-2.667707,-3.889755,-5.924337,-6.842434,-5.600624,1.0,12.82
-0.8384149999999999,0.381098,-2.2865849999999996,2.3400939999999997,2.3400939999999997,-3.018293,-4.275915,-5.619919,-7.267530000000001,-8.625,-7.754065,1.0,13.12
0.7656970000000001,1.071975,-0.9954059999999999,-0.45731700000000003,-0.45731700000000003,-1.776417,-3.1776419999999996,-4.726902,-6.06049,-7.785605,-7.322614,0.0,13.06
0.306279,0.9954059999999999,-0.7656970000000001,0.0,0.0,-0.964778,-2.718224,-4.073507,-5.275651,-7.261867999999999,-7.332822999999999,0.0,13.06
6.7378800000000005,9.285128,-5.094494999999999,-6.8147020000000005,-6.8147020000000005,5.554643,4.289236,3.078609,1.935086,-0.161052,-0.673788,-1.0,12.17
-4.6948360000000005,0.782473,-4.6948360000000005,5.012325,5.012325,0.453834,-0.46165900000000004,-1.4241,-2.578247,-4.413146,-5.383411,1.0,12.78
2.078337,2.957634,-1.9984009999999999,-2.112676,-2.112676,1.6466830000000001,1.678657,0.8100189999999999,-0.351719,-1.8673060000000001,-3.200107,-1.0,12.51
-0.7898890000000001,0.7109,-1.263823,1.199041,1.199041,-0.189573,0.56872,-0.14218,-1.334913,-2.511848,-4.091627,1.0,12.66
-6.509695,0.900277,-7.202216,14.060032000000001,14.060032000000001,-10.581717,-10.50554,-11.537396000000001,-12.576178,-13.578947,-15.200830999999999,1.0,14.44
-2.162162,0.743243,-3.310811,2.493075,2.493075,-9.202703,-11.202703,-12.563063,-13.729729999999998,-14.783783999999999,-16.452703,1.0,14.8
-0.731383,0.930851,-1.529255,1.621622,1.621622,-7.646275999999999,-11.143616999999999,-12.828014,-14.089096,-15.303191,-16.921543,1.0,15.04
-0.925314,0.991408,-2.8420360000000002,0.598404,0.598404,-4.73232,-10.343688,-12.196519,-13.668209,-15.032385999999999,-16.505838,1.0,15.13
2.086137,2.8936740000000003,-0.13459000000000002,-1.784534,-1.784534,-0.040376999999999996,-7.503365,-9.560341000000001,-11.204576,-12.761777,-14.127412,-1.0,14.86
0.201207,0.871898,-1.9450029999999998,0.336474,0.336474,0.254863,-6.572769999999999,-8.799463000000001,-10.680750999999999,-12.214621000000001,-13.543482999999998,0.0,14.91
-1.068804,0.668003,-2.805611,0.402415,0.402415,0.08016000000000001,-5.07682,-8.114006,-10.14696,-11.751503,-13.112892,0.0,14.97
-0.198939,1.392573,-0.265252,0.734803,0.734803,-0.596817,-4.244032,-7.785146000000001,-9.943634,-11.572944999999999,-13.039346,1.0,15.08
-3.4149480000000003,0.32216500000000003,-4.252577,2.9177720000000003,2.9177720000000003,-2.912371,-5.01933,-9.368557000000001,-11.530284,-13.252578,-14.791667000000002,1.0,15.52
2.845798,3.5076110000000003,-0.06618099999999999,-2.641752,-2.641752,0.052945000000000006,-0.820649,-6.004853,-8.279285,-10.128392,-11.828811,-1.0,15.11
-0.134228,0.671141,-1.744966,-1.389808,-1.389808,1.4496639999999998,0.885906,-3.8568230000000003,-6.191275,-8.206712,-9.888144,-1.0,14.9
0.535117,1.070234,-0.46822700000000006,0.33557,0.33557,1.083612,0.648829,-2.938684,-5.722408000000001,-7.804682000000001,-9.513935,0.0,14.95
1.004689,2.277294,-0.133958,-0.133779,-0.133779,1.018084,0.70998,-1.848627,-4.8894839999999995,-7.027462,-8.734093,0.0,14.93
0.80591,1.343183,-0.604433,-0.267917,-0.267917,0.443251,0.819342,-0.519364,-4.039624,-6.141033999999999,-7.91135,0.0,14.89
0.067522,1.215395,-0.472654,-0.537273,-0.537273,0.580689,1.330182,0.98582,-2.930452,-5.020932,-6.826467999999999,-1.0,14.81
1.161202,2.459016,-0.27322399999999997,-1.147873,-1.147873,1.393443,2.322404,2.249545,-1.2636610000000001,-3.34153,-5.248178,-1.0,14.64
-1.290761,0.611413,-1.6983700000000002,0.5464479999999999,0.5464479999999999,0.529891,1.596467,1.657609,-0.934103,-3.293478,-5.215127,0.0,14.72
-1.8012009999999998,0.5336890000000001,-1.8679119999999998,1.834239,1.834239,-1.200801,-0.293529,-0.195686,-1.9813209999999999,-4.456304,-6.366467,1.0,14.99
0.466667,1.666667,-0.266667,0.066711,0.066711,-1.12,-0.706667,-0.32,-1.216667,-4.018667,-5.877778,0.0,15.0
-1.10175,1.425794,-1.944264,2.8666669999999996,2.8666669999999996,-3.0719380000000003,-3.266364,-2.851588,-3.0719380000000003,-6.079067,-7.876431,1.0,15.43
-0.324465,0.648929,-0.908501,-0.129618,-0.129618,-1.9467880000000002,-2.809864,-2.5091930000000002,-2.631408,-5.347176999999999,-7.133896000000001,0.0,15.41
0.453956,0.713359,-1.037614,0.06489299999999999,0.06489299999999999,-1.1024639999999999,-2.568093,-2.3778639999999998,-2.493515,-4.565499,-6.586684,0.0,15.42
-1.412067,0.320924,-2.24647,1.037614,1.037614,-1.360719,-3.1514759999999997,-3.1664529999999997,-3.3215660000000002,-4.826701,-6.9554990000000005,1.0,15.58
-0.2574,0.643501,-0.9009010000000001,-0.256739,-0.256739,-0.41184,-2.483912,-2.908623,-2.940798,-3.8018019999999995,-6.196911,0.0,15.54
0.064185,1.155327,-0.8985879999999999,0.2574,0.2574,-0.47496800000000006,-2.240051,-2.956782,-2.9589220000000003,-3.2991010000000003,-5.898588,0.0,15.58
-2.322662,0.753296,-2.510986,2.24647,2.24647,-2.008788,-3.578154,-4.657878,-4.770873,-5.049592,-7.365558,1.0,15.93
1.785714,1.785714,-0.829082,-1.569366,-1.569366,-0.11479600000000001,-1.4285709999999998,-2.827381,-3.026148,-3.3112239999999997,-5.142432,-1.0,15.68
-0.645995,0.968992,-1.679587,-1.2755100000000001,-1.2755100000000001,1.046512,0.161499,-1.335056,-1.6440569999999999,-1.94832,-3.335487,-1.0,15.48
1.904137,2.363756,-1.181878,-1.6149870000000002,-1.6149870000000002,2.2980959999999997,1.956664,0.43335500000000005,-0.12475399999999999,-0.31254099999999996,-1.153425,-1.0,15.23
-2.362708,0.8939969999999999,-2.6181349999999997,2.823375,2.823375,-0.40868499999999996,-0.696041,-1.962537,-2.6915709999999997,-2.845466,-3.229034,1.0,15.66
0.0,2.4374599999999997,-0.256575,-0.446999,-0.446999,-0.39769099999999996,-0.134702,-1.1161,-2.033355,-2.234766,-2.5486419999999996,0.0,15.59
0.709677,1.612903,-0.7741939999999999,-0.5772930000000001,-0.5772930000000001,-0.051613,0.496774,-0.206452,-1.287097,-1.5303229999999999,-1.8322580000000002,-1.0,15.5
-1.8903590000000001,1.008192,-1.8903590000000001,2.3870970000000002,2.3870970000000002,-1.8903590000000001,-1.663516,-2.163411,-3.2923760000000004,-3.6269690000000003,-3.94665,1.0,15.87
-0.062422000000000005,0.49937600000000004,-0.9363299999999999,0.9451799999999999,0.9451799999999999,-1.8227220000000002,-2.2846439999999997,-2.655015,-3.8451940000000002,-4.404494000000001,-4.6608410000000005,1.0,16.02
-0.9962639999999999,0.49813199999999996,-1.2453299999999998,0.24968800000000002,0.24968800000000002,-1.569116,-2.229141,-2.635948,-3.6955169999999997,-4.405978,-4.649232,0.0,16.059998999999998
-0.6811149999999999,0.06192,-2.414861,0.560399,0.560399,-1.4241489999999999,-2.637771,-2.873065,-3.764706,-4.629102,-4.924664,1.0,16.15
0.6922590000000001,1.447451,-0.6922590000000001,-1.609907,-1.609907,0.679673,-0.912524,-1.086637,-1.8219009999999998,-2.83197,-3.176002,-1.0,15.89
2.307692,2.435897,-2.051282,-1.825047,-1.825047,2.2051279999999998,1.00641,0.760684,0.198718,-0.8538459999999999,-1.2649569999999999,-1.0,15.6
1.5625,2.4088540000000003,-1.757812,-1.538462,-1.538462,2.942708,2.6692709999999997,2.256944,1.8815099999999998,0.817708,0.243056,-1.0,15.36
-0.259067,0.38860100000000003,-2.007772,0.520833,0.520833,1.606218,1.994819,1.666667,1.356865,0.458549,-0.20509499999999997,0.0,15.44
-0.713359,0.0,-2.269779,-0.12953399999999998,-0.12953399999999998,0.79118,2.016861,1.5780370000000001,1.4915690000000001,0.79118,0.036749000000000004,0.0,15.42
-0.3861,0.19305,-1.4800520000000001,0.7782100000000001,0.7782100000000001,-0.43758,1.254826,0.733591,0.7464609999999999,0.223938,-0.6091810000000001,1.0,15.54
-0.448718,0.705128,-0.9615379999999999,0.3861,0.3861,-0.8205129999999999,0.692308,0.397436,0.365385,-0.005128,-0.848291,0.0,15.6
-1.386263,0.504096,-1.7643349999999998,1.7307689999999998,1.7307689999999998,-1.865154,-1.115312,-1.041798,-1.238185,-1.487083,-2.329343,1.0,15.87
1.1464969999999999,1.464968,-0.318471,-1.0712030000000001,-1.0712030000000001,-0.47133800000000003,-0.273885,0.046709,-0.130573,-0.351592,-1.082803,-1.0,15.7
-1.267427,0.063371,-2.408112,0.509554,0.509554,-0.519645,-1.013942,-0.380228,-0.684411,-0.762991,-1.343473,0.0,15.78
3.1125830000000003,3.311258,-2.649007,-4.309252,-4.309252,3.3774830000000002,2.92053,3.92936,3.596026,3.6211919999999997,3.183223,-1.0,15.1
1.67336,2.409639,-0.468541,-1.059603,-1.059603,3.601071,3.5809910000000005,4.627398,4.524765,4.559572,4.277108999999999,-1.0,14.94
2.00692,2.076125,-1.384083,-3.279786,-3.279786,5.148789,6.463668,7.45098,7.799308,7.80346,7.686275,-1.0,14.45
1.46648,1.46648,-1.675978,-0.8996540000000001,-0.8996540000000001,4.175978,6.648045,7.616387,8.310056,8.430166999999999,8.405494000000001,-1.0,14.32
-3.633917,0.672948,-4.10498,3.77095,3.77095,-0.847914,2.395693,3.126963,4.128533,4.201884,4.342754,1.0,14.86
-0.46480699999999997,0.796813,-2.52324,1.345895,1.345895,-2.217795,0.7171310000000001,1.389996,2.599602,2.6533860000000002,2.877379,1.0,15.06
-1.174935,0.130548,-2.741514,1.7264279999999999,1.7264279999999999,-3.3812010000000003,-1.174935,-0.452567,0.678851,0.869452,1.074848,1.0,15.32
-3.026482,0.126103,-3.34174,3.524804,3.524804,-4.892812,-4.546028,-3.6317779999999997,-2.799496,-2.406053,-2.299285,1.0,15.86
2.4500319999999998,3.094778,-0.386847,-2.20681,-2.20681,-1.212121,-2.514507,-1.427036,-0.783366,-0.24242399999999997,-0.109607,-1.0,15.51
-1.153846,1.025641,-1.153846,0.580271,0.580271,-0.833333,-3.192308,-1.9188029999999998,-1.532051,-0.815385,-0.75641,1.0,15.6
1.099612,1.875809,-0.323415,-0.897436,-0.897436,0.582147,-2.082794,-1.065114,-0.779431,0.07244500000000001,0.094868,-1.0,15.46
0.8519,1.0484930000000001,-1.703801,-1.293661,-1.293661,1.8217560000000002,-0.589777,0.083006,0.409568,1.224115,1.3586719999999999,-1.0,15.26
0.330907,1.2574450000000001,-1.588352,-0.9829620000000001,-0.9829620000000001,1.839841,0.833885,0.7412310000000001,1.323627,1.988087,2.338407,-1.0,15.11
-0.915033,0.457516,-1.830065,1.2574450000000001,1.2574450000000001,0.300654,0.22222199999999998,-0.684096,0.019608,0.522876,0.989107,1.0,15.3
-1.2755100000000001,1.785714,-2.104592,2.48366,2.48366,-2.028061,-1.6836740000000001,-3.1335029999999997,-2.321429,-2.033163,-1.439201,1.0,15.68
1.1531069999999999,1.409353,-0.25624600000000003,-0.446429,-0.446429,-1.396541,-0.8904549999999999,-2.481315,-1.860987,-1.665599,-0.973735,0.0,15.61
-0.380952,0.8888889999999999,-1.52381,0.896861,0.896861,-1.6507939999999999,-1.498413,-3.005291,-2.685714,-2.501587,-1.8793650000000002,1.0,15.75
-2.219482,2.836005,-2.466091,2.984127,2.984127,-3.131936,-4.130703,-5.088368,-5.397657,-5.114673000000001,-4.681463,1.0,16.219998999999998
0.875547,1.313321,-1.313321,-1.418002,-1.418002,-0.875547,-2.451532,-3.0268919999999997,-3.946216,-3.612258,-3.324995,-1.0,15.99
-2.8588810000000002,0.547445,-3.4671529999999997,2.814259,2.814259,-2.664234,-4.610705,-5.040552,-6.374696,-6.002433,-5.912408999999999,1.0,16.440001000000002
1.281269,1.281269,-1.586333,-0.304136,-0.304136,-1.415497,-3.7522879999999996,-4.209884,-5.695546,-5.508237,-5.523693,0.0,16.389999
5.864571,6.045949,-1.8742439999999998,0.915192,0.915192,-1.354293,-3.8512699999999995,-4.58686,-6.06711,-6.137847,-6.191052,1.0,16.540001
1.040392,1.774786,-1.5911870000000001,-1.20919,-1.20919,-0.0,-1.9216650000000002,-3.223174,-4.339046,-4.873929,-4.842921,-1.0,16.34
1.872659,2.434457,-0.436954,-1.9583840000000001,-1.9583840000000001,2.034956,0.48689099999999996,-1.077819,-1.8976279999999999,-2.893883,-2.821473,-1.0,16.02
-2.0208209999999998,0.673607,-2.8781380000000003,1.935081,1.935081,-0.036742000000000004,-1.022658,-2.657685,-3.3098589999999994,-4.602572,-4.480506,1.0,16.33
0.49352299999999993,1.9124,-0.308452,-0.7348439999999999,-0.7348439999999999,0.481184,0.080197,-1.628624,-2.239358,-3.6224550000000004,-3.635616,-1.0,16.209999
1.1823270000000001,1.1823270000000001,-0.49782200000000004,-0.863664,-0.863664,0.771624,1.1512129999999998,-0.435594,-1.154325,-2.5015560000000003,-2.69861,-1.0,16.07
0.755668,2.959698,-0.314861,-1.1823270000000001,-1.1823270000000001,1.397985,2.147355,1.078925,0.034635,-0.9748110000000001,-1.532326,-1.0,15.88
-1.253919,0.31348000000000004,-2.445141,0.44080600000000003,0.44080600000000003,0.8652040000000001,1.6739810000000002,0.9070010000000001,-0.266458,-1.000627,-1.9122259999999998,0.0,15.95
-1.061174,0.5617979999999999,-1.8102369999999999,0.438871,0.438871,0.037453,0.967541,0.607574,-0.5711609999999999,-1.143571,-2.290886,0.0,16.02
-0.307125,1.351351,-1.228501,1.622971,1.622971,-1.474201,-0.712531,-0.724816,-1.907248,-2.422604,-3.609746,1.0,16.280001000000002
-1.215806,0.364742,-2.31003,1.044226,1.044226,-2.030395,-1.7933130000000002,-1.467072,-2.559271,-3.156231,-4.299899,1.0,16.450001
-0.780312,0.540216,-1.20048,1.2765959999999998,1.2765959999999998,-2.328932,-2.839136,-2.533013,-3.322329,-4.184874,-5.064025,1.0,16.66
-0.42067299999999996,1.9230770000000001,-0.5408649999999999,-0.120048,-0.120048,-1.382212,-2.34976,-2.155449,-2.803486,-3.7980769999999997,-4.485176,0.0,16.639999
0.184502,2.02952,-2.398524,-2.2836540000000003,-2.2836540000000003,1.2177120000000001,-0.110701,0.057401,-0.35362899999999997,-1.3874540000000002,-1.96597,-1.0,16.26
0.248756,2.300995,-0.995025,-1.107011,-1.107011,2.1019900000000002,0.926617,1.048922,0.90796,-0.129353,-0.657131,-1.0,16.08
0.125156,1.4392989999999999,-0.750939,-0.621891,-0.621891,2.152691,1.5018770000000001,1.447643,1.611389,0.675845,0.102211,-1.0,15.98
-0.995025,0.124378,-2.052239,0.625782,0.625782,0.79602,0.995025,0.708955,0.935945,0.291045,-0.47471,1.0,16.08
-3.239105,1.295642,-4.534747,5.597015,5.597015,-4.146054,-3.751472,-4.252061,-4.122497,-4.628975,-5.461327,1.0,16.98
3.143893,3.56711,-0.18137799999999998,-2.591284,-2.591284,-1.257557,-0.876663,-1.620314,-1.541717,-1.883918,-2.7569529999999998,-1.0,16.540001
1.13028,3.212373,-0.47590699999999997,1.632406,1.632406,-1.9750150000000002,-2.15348,-2.9625220000000003,-2.998215,-3.174301,-4.051159999999999,1.0,16.809998999999998
8.002603,8.327911,-0.780742,-8.56633,-8.56633,6.415094,6.310996,5.825201,5.709174,5.7983080000000005,4.962047,-1.0,15.37
-0.967742,0.12903199999999998,-2.83871,0.8458030000000001,0.8458030000000001,4.7741940000000005,4.670968,4.7741940000000005,4.551613,4.725161,4.165591,1.0,15.5
0.064683,0.711514,-1.034929,-0.258065,-0.258065,3.078913,4.178525,4.83398,4.6410089999999995,4.8589910000000005,4.469599,0.0,15.46
-0.064144,1.860167,-0.962155,0.84088,0.84088,1.000641,2.880051,3.775925,3.53111,3.766517,3.579217,1.0,15.59
0.0,1.213282,-0.8939969999999999,0.449006,0.449006,-0.9195399999999999,2.15198,3.048105,2.89272,3.11622,3.126863,0.0,15.66
1.5625,1.953125,-1.106771,-1.915709,-1.915709,1.002604,3.74349,4.587674,4.671224,4.8229169999999995,5.056424,-1.0,15.36
0.595238,2.050265,-1.256614,-1.5625,-1.5625,2.103175,4.755291000000001,5.568783,6.0813489999999994,6.164021,6.481482,-1.0,15.12
0.731383,2.659575,-0.199468,-0.529101,-0.529101,2.087766,4.022606,5.421099,6.343084999999999,6.468084999999999,6.837323,-1.0,15.04
2.133517,2.477633,-1.9270470000000002,-3.3909569999999998,-3.3909569999999998,4.211975,6.290433,8.327598,9.562973,9.709566,10.149117,-1.0,14.53
0.205058,0.956938,-0.956938,0.688231,0.688231,2.091593,4.073821,6.926407000000001,8.250171,8.527683,8.995215,1.0,14.63
3.729768,3.8001410000000004,-0.774103,-2.870813,-2.870813,3.4905,6.333568,9.256392,10.661506,11.211822999999999,11.670185,-1.0,14.21
-1.990391,0.617708,-2.1276599999999997,2.533427,2.533427,0.178449,3.067948,5.865933999999999,7.210021,8.104324,8.506063000000001,1.0,14.57
-2.4716099999999996,0.868403,-3.807615,2.745367,2.745367,-2.59185,-0.013359999999999999,2.1420619999999997,3.787575,4.953908,5.372968,1.0,14.97
-0.975927,0.780742,-2.081978,2.672011,2.672011,-4.033832,-2.7586209999999998,-1.023639,0.797007,2.0533509999999997,2.422468,1.0,15.37
-0.259067,1.036269,-1.878238,0.455433,0.455433,-3.419689,-3.341969,-2.063903,0.132772,1.373057,1.7918830000000001,0.0,15.44
-0.518471,0.842515,-1.4906030000000001,-0.06476699999999999,-0.06476699999999999,-1.7757610000000001,-3.2339599999999997,-1.974509,0.019443000000000002,1.174336,1.7195939999999998,0.0,15.43
0.063694,0.254777,-2.038217,1.749838,1.749838,-2.0254779999999997,-4.528662000000001,-3.575372,-1.8216560000000002,-0.810191,-0.067941,1.0,15.7
1.676338,3.159252,-1.8052869999999999,-1.210191,-1.210191,-0.128949,-3.056093,-2.372663,-1.092843,0.113475,1.0616809999999999,-1.0,15.51
-0.506009,0.253004,-2.656547,1.934236,1.934236,-1.4674260000000001,-4.086021,-4.132406,-3.2005060000000003,-1.900063,-0.900274,1.0,15.81
-0.314465,0.691824,-1.257862,0.56926,0.56926,-1.446541,-3.830189,-4.574423,-4.034591000000001,-2.500629,-1.540881,1.0,15.9
1.05985,1.05985,-1.9950130000000001,0.880503,0.880503,-1.546135,-3.5286779999999998,-5.124688,-4.663342,-3.3366580000000003,-2.4854529999999997,1.0,16.040001
0.755668,1.574307,-0.6297229999999999,-0.997506,-0.997506,-0.32745599999999997,-1.731738,-3.849706,-3.5831230000000005,-2.4130979999999997,-1.666667,-1.0,15.88
0.439698,1.005025,-0.31406999999999996,0.251889,0.251889,-0.062814,-1.381909,-3.72278,-3.680905,-2.924623,-2.064489,0.0,15.92
0.44025200000000003,0.9433959999999999,-1.194969,-0.125628,-0.125628,0.176101,-0.924528,-3.027254,-3.462264,-2.963522,-2.016772,0.0,15.9
-2.023299,0.735745,-3.188228,2.578616,2.578616,-1.839362,-2.881668,-4.778255000000001,-5.689761,-5.5254449999999995,-4.432862999999999,1.0,16.309998999999998
-0.243457,1.521607,-0.365186,0.735745,0.735745,-2.0815580000000002,-2.982349,-4.572936,-6.052951999999999,-5.957395,-5.039562,1.0,16.43
-1.858513,0.41966400000000004,-2.6978419999999996,1.521607,1.521607,-2.589928,-3.848921,-5.159872,-6.993405,-7.083933,-6.342926,1.0,16.68
1.147343,1.509662,-0.241546,-0.719424,-0.719424,-1.111111,-2.518116,-3.832528,-5.860507,-6.144928,-5.748792,-1.0,16.559998999999998
2.123786,2.123786,-0.242718,-0.483092,-0.483092,0.07281599999999999,-1.63835,-2.916667,-4.811893,-5.473301,-5.3033980000000005,0.0,16.48
0.48221800000000004,2.3508139999999997,-0.542495,0.6674760000000001,0.6674760000000001,-0.25316500000000003,-1.874623,-3.098252,-4.852321,-5.875829,-5.975487,1.0,16.59
2.132846,2.132846,-0.853138,-1.084991,-1.084991,0.816575,-0.572821,-1.637213,-3.13833,-4.587447,-4.732886,-1.0,16.41
-1.307967,0.59453,-3.091558,2.498477,2.498477,-1.474435,-2.437574,-3.590963,-4.830559,-6.508918,-6.7935,1.0,16.82
0.058927999999999994,0.47142,-2.592811,0.8917950000000001,0.8917950000000001,-1.86211,-2.681202,-3.8695739999999996,-5.082498999999999,-6.880377,-7.320761999999999,1.0,16.969998999999998
0.353149,0.8828719999999999,-1.059447,0.117855,0.117855,-1.377281,-2.154208,-3.519717,-4.717480999999999,-6.410830000000001,-7.155189999999999,0.0,16.99
0.17094,1.652422,-2.1652419999999997,3.296057,3.296057,-3.430199,-4.5698,-5.971509999999999,-7.156695,-8.731624,-9.758784,1.0,17.549999
-0.335383,1.788709,-1.8446060000000002,1.9373220000000002,1.9373220000000002,-3.610956,-5.567356,-7.069126,-8.23365,-9.643376,-11.002422,1.0,17.889999
0.0,0.606729,-2.261445,1.341532,1.341532,-3.4418089999999997,-6.01765,-7.4719619999999995,-8.778267999999999,-10.054053999999999,-11.627137,1.0,18.129998999999998
-0.054765,0.711939,-1.040526,0.717044,0.717044,-2.71632,-5.75575,-7.276378,-8.674699,-9.973713,-11.668492,1.0,18.26
1.6146989999999999,1.670379,-0.556793,-1.6429349999999998,-1.6429349999999998,-0.011136,-3.3574610000000003,-4.962880999999999,-6.550668,-7.893096000000001,-9.556421,-1.0,17.959999
-1.162791,0.44296800000000003,-1.384275,0.556793,0.556793,0.0,-3.078627,-4.843115,-6.470098999999999,-7.822813000000001,-9.424142,1.0,18.059998999999998
-1.6783970000000001,0.43313500000000005,-2.3281,2.270211,2.270211,-1.5917700000000001,-4.114781,-6.219094,-7.888468,-9.210611,-10.665944999999999,1.0,18.469998999999998
0.0,1.615509,-0.538503,0.5414180000000001,0.5414180000000001,-1.647819,-3.6887449999999995,-6.045593,-7.660203999999999,-9.081314,-10.429008,0.0,18.57
-0.696677,0.643087,-0.803859,0.484653,0.484653,-1.6934619999999998,-3.247588,-5.748482,-7.371383,-8.844586999999999,-10.201858,0.0,18.66
0.26881700000000003,0.5376340000000001,-1.612903,-0.32154299999999997,-0.32154299999999997,-0.688172,-2.069892,-4.684588,-6.346774,-7.950538000000001,-9.333333,0.0,18.6
0.92291,2.3887080000000003,-0.38002199999999997,-0.967742,-0.967742,0.673181,-0.640608,-3.090843,-4.858849,-6.5038,-7.9080710000000005,-1.0,18.42
-0.163666,1.363884,-1.0365520000000001,-0.488599,-0.488599,1.01473,0.087289,-1.916712,-3.8734309999999996,-5.545008,-6.928533,0.0,18.33
-0.272331,0.87146,-0.980392,0.163666,0.163666,0.620915,0.04902,-1.517792,-3.5729849999999996,-5.159041,-6.597676,0.0,18.360001
2.5569759999999997,2.779322,-0.166759,-2.01525,-2.01525,1.945525,1.9566430000000001,0.885677,-1.1923290000000002,-2.748194,-4.217158,-1.0,17.99
-2.3281,0.324851,-2.490525,2.668149,2.668149,-0.844613,-0.416892,-1.201949,-3.2214400000000003,-4.719004,-6.226312999999999,1.0,18.469998999999998
1.6492580000000001,2.3639360000000003,0.0,-1.5159719999999999,-1.5159719999999999,0.428807,1.187466,0.5534180000000001,-1.291919,-2.838923,-4.3632029999999995,-1.0,18.190001000000002
-1.319958,0.31679,-2.323126,4.123145,4.123145,-2.903907,-2.571278,-3.058782,-4.532735,-6.156283,-7.639914999999999,1.0,18.940001000000002
1.486989,1.540096,-1.168348,-0.580781,-0.580781,-1.837493,-1.864047,-2.2446450000000002,-3.4413169999999997,-5.151354,-6.578156,-1.0,18.83
0.05235599999999999,0.7853399999999999,-0.942408,1.4338819999999999,1.4338819999999999,-2.062827,-3.020942,-3.333333,-4.248691,-5.960209,-7.3438039999999996,1.0,19.1
2.733734,3.171132,-0.601422,-4.240838,-4.240838,2.0776380000000003,1.104429,1.067979,0.347184,-1.399672,-2.804811,-1.0,18.290001
-1.452394,0.215169,-1.506186,1.640241,1.640241,0.860678,-0.43571800000000005,-0.37296,-0.992469,-2.560516,-3.964497,1.0,18.59
-1.695813,0.476948,-1.90779,1.506186,1.506186,-0.710122,-1.6269209999999998,-1.709945,-2.201908,-3.484897,-4.958488,1.0,18.870001000000002
2.941176,2.995643,-0.381264,-2.702703,-2.702703,1.5359479999999999,1.105664,0.944081,0.577342,-0.46841000000000005,-2.013435,-1.0,18.360001
-0.536193,1.4477209999999998,-0.80429,1.579521,1.579521,-0.525469,-0.11260099999999999,-0.6291329999999999,-0.8820379999999999,-1.655764,-3.163539,1.0,18.65
0.429415,1.127214,-0.5367689999999999,-0.10723900000000001,-0.10723900000000001,-0.053676999999999996,0.080515,-0.5117189999999999,-0.595813,-1.1980680000000001,-2.674897,0.0,18.629998999999998
0.160772,0.91104,-0.857449,0.161031,0.161031,-0.139335,0.17149,-0.585924,-0.594855,-1.118971,-2.461593,0.0,18.66
3.135314,3.135314,-0.825082,-2.572347,-2.572347,1.738174,2.39824,1.9838650000000002,1.949945,1.555556,0.43821000000000004,-1.0,18.18
-1.189832,0.216333,-1.568415,1.705171,1.705171,0.173067,0.497566,0.320894,0.21903699999999998,-0.069227,-0.9446549999999999,1.0,18.49
2.3704520000000002,2.535832,-0.11025399999999999,-1.8929150000000001,-1.8929150000000001,1.54355,1.907387,2.31165,2.009372,1.8324150000000001,1.181551,-1.0,18.139999
3.815029,3.9306360000000002,-1.9653180000000001,-4.630651,-4.630651,4.936416,6.283237000000001,6.8285160000000005,6.586705,6.6242779999999994,6.154142,-1.0,17.299999
0.522042,1.6241299999999999,-0.232019,-0.346821,-0.346821,3.654292,5.87007,6.832947,6.615429,6.805103999999999,6.46365,0.0,17.24
-1.528879,1.019253,-2.321631,2.436195,2.436195,0.6002270000000001,2.6670439999999997,3.808985,3.8901470000000002,4.08154,3.88826,1.0,17.66
4.610951,4.668588,-1.210375,-1.755379,-1.755379,1.083573,3.919308,5.0951010000000005,5.455331,5.659942,5.594621,-1.0,17.35
4.117647,4.117647,-3.294118,-2.017291,-2.017291,1.8235290000000002,5.088235,6.435294,7.335294,7.444706,7.521569,-1.0,17.0
-0.406977,2.848837,-2.4418599999999997,1.1764709999999998,1.1764709999999998,0.523256,3.034884,4.775194,5.7180230000000005,5.869768,6.124031,1.0,17.200001
3.843947,3.9586919999999997,-0.9179579999999999,1.337209,1.337209,-0.585198,0.969593,2.9489389999999998,4.104991,4.245553,4.603175,1.0,17.43
4.178929,4.178929,-0.05885800000000001,-2.5243830000000003,-2.5243830000000003,1.200706,2.884049,4.877379,6.227192,6.6297820000000005,7.021778,-1.0,16.99
1.334881,1.450958,-1.625073,1.412596,1.412596,-0.34823000000000004,0.719675,2.9793,4.283227,4.882182,5.271813,1.0,17.23
-3.8248339999999996,0.886918,-4.379158,4.701103,4.701103,-3.6696230000000005,-3.858093,-1.8699189999999999,-0.692905,0.184035,0.430525,1.0,18.040001
0.435967,1.416894,-1.525886,1.718404,1.718404,-4.043597,-4.910082,-3.629428,-2.354223,-1.534605,-1.3115350000000001,1.0,18.35
1.031487,2.497286,-0.488599,0.381471,0.381471,-3.333333,-4.630836,-4.0825190000000005,-2.771444,-1.8588490000000002,-1.6865729999999999,0.0,18.42
1.103753,2.759382,-0.6622520000000001,-1.628664,-1.628664,-0.485651,-2.798013,-2.516556,-1.3686530000000001,-0.41501099999999996,-0.097498,-1.0,18.120001000000002
-2.806824,0.660429,-4.237754,0.275938,0.275938,0.275179,-2.614199,-2.9022200000000002,-1.69235,-0.834342,-0.407265,0.0,18.17
-1.1969530000000002,0.870511,-2.720348,1.155751,1.155751,-0.500544,-2.976061,-3.924556,-2.88901,-2.124048,-1.474429,1.0,18.379998999999998
0.274725,2.142857,-1.0989010000000001,-0.979325,-0.979325,0.318681,-1.467033,-2.644689,-2.046703,-1.175824,-0.549451,-1.0,18.200001
2.1432599999999997,3.327693,-0.394811,-2.582417,-2.582417,2.199661,1.314157,0.120323,0.287648,1.249859,2.0003759999999997,-1.0,17.73
0.0,1.7947279999999999,-0.504767,0.564016,0.564016,1.3011780000000002,1.21705,-0.377641,-0.372967,0.44868199999999997,1.220789,1.0,17.83
1.780586,2.2400919999999998,-0.11487699999999999,-2.355581,-2.355581,2.871913,3.762206,2.0486310000000003,1.720276,2.6536470000000003,3.390772,-1.0,17.41
3.6309519999999997,3.75,-0.595238,-3.503733,-3.503733,4.726191,6.7916669999999995,5.674603,5.014881,5.940476,6.688492,-1.0,16.799999
0.831354,1.543943,-2.315914,0.23809499999999997,0.23809499999999997,2.8622330000000002,5.64133,5.281077,4.6288599999999995,5.263658,6.14806,0.0,16.84
-0.29325500000000004,1.818182,-0.762463,1.247031,1.247031,0.797654,3.536657,3.8357769999999998,3.284457,3.589443,4.539589,1.0,17.049999
1.662708,2.7909740000000003,-0.23753000000000002,-1.2316719999999999,-1.2316719999999999,0.8788600000000001,4.067696,5.0712589999999995,4.328979,4.562945,5.441408999999999,-1.0,16.84
-2.453271,0.175234,-3.0957939999999997,1.662708,1.662708,-1.109813,1.7523369999999998,3.309969,2.555491,2.53271,3.4754669999999996,1.0,17.120001000000002
1.062574,1.298701,-0.354191,-1.051402,-1.051402,0.10625699999999999,1.983471,3.9748129999999997,3.627509,3.3388430000000002,4.2384889999999995,-1.0,16.940001000000002
-0.11750899999999999,1.057579,-0.6462979999999999,0.47225500000000004,0.47225500000000004,-0.15276099999999998,0.810811,2.9651389999999997,3.087544,2.787309,3.4332160000000003,0.0,17.02
-0.758017,0.174927,-1.6909619999999999,0.763807,0.763807,-0.793003,-0.291545,1.6909619999999999,2.2244900000000003,1.9871720000000002,2.355685,1.0,17.15
0.0,0.7549359999999999,-1.5098719999999999,0.408163,0.408163,-0.7549359999999999,-1.0511030000000001,0.9291520000000001,1.8757259999999998,1.470383,1.753775,0.0,17.219998999999998
0.816327,2.040816,-0.116618,-0.406504,-0.406504,-0.314869,-0.798834,0.944606,2.268222,1.8379009999999998,1.9086490000000003,0.0,17.15
0.11574100000000001,0.925926,-0.8680559999999999,0.758017,0.758017,-0.671296,-1.267361,-0.239198,1.278935,1.136574,0.97608,1.0,17.280001000000002
1.5303120000000001,1.824603,-0.05885800000000001,-1.678241,-1.678241,0.9888170000000001,0.50618,0.9888170000000001,2.607416,2.8134200000000003,2.638807,-1.0,16.99
-0.410317,0.820633,-0.410317,0.41200699999999996,0.41200699999999996,0.468933,0.099648,0.31262199999999996,1.787808,2.304806,2.182493,0.0,17.059998999999998
-0.519031,0.634371,-1.095732,1.641266,1.641266,-1.014994,-1.228374,-1.495579,-0.080738,0.733564,0.470973,1.0,17.34
-1.0181,0.056561,-1.809955,1.960784,1.960784,-2.3190049999999998,-2.811086,-3.2880849999999997,-2.140837,-1.10181,-1.398944,1.0,17.68
-0.278552,0.389972,-1.949861,1.5271489999999999,1.5271489999999999,-3.041783,-3.7103059999999997,-4.315691999999999,-3.73259,-2.609471,-2.705664,1.0,17.950001
4.2007,6.359393,-1.7502919999999997,-4.512535,-4.512535,1.715286,0.9101520000000001,0.322832,0.5075850000000001,1.710618,1.880591,-1.0,17.139999
-4.355109,1.451703,-4.522613,4.492415,4.492415,-1.708543,-3.003908,-3.670203,-3.763261,-2.776103,-2.410199,1.0,17.91
-0.33389,0.33389,-2.61547,0.335008,0.335008,-1.335559,-2.910406,-3.572621,-4.045631,-3.134112,-2.5542569999999998,0.0,17.969998999999998
-1.9618529999999998,0.16348800000000002,-2.779292,2.114635,2.114635,-2.648501,-4.26703,-5.122616000000001,-5.776567,-5.100817,-4.368755999999999,1.0,18.35
-0.493421,1.20614,-2.028509,-0.5994550000000001,-0.5994550000000001,-1.7434209999999999,-3.163377,-4.075293,-4.813597,-4.55921,-3.7554819999999998,-1.0,18.24
3.196859,3.645541,-0.22434099999999998,-2.247807,-2.247807,1.2899610000000001,-0.465508,-1.566648,-2.347168,-2.4475599999999997,-1.639559,-1.0,17.83
2.528736,2.988506,-0.344828,-2.411666,-2.411666,3.206897,2.189655,0.961686,0.166667,-0.11264400000000001,0.595785,-1.0,17.4
-1.085094,1.3706450000000001,-1.713307,0.632184,0.632184,2.0331240000000004,1.6447740000000002,0.437845,-0.27127399999999996,-0.81325,-0.152294,1.0,17.51
-0.389972,0.278552,-1.392758,2.51285,2.51285,-0.9136489999999999,-0.696379,-1.72702,-2.48468,-3.124234,-2.640669,1.0,17.950001
0.503919,0.615901,-0.55991,-0.501393,-0.501393,-0.839866,-0.24636100000000002,-1.015304,-1.7357220000000002,-2.3986560000000003,-2.247107,-1.0,17.860001
-1.495845,0.0,-1.6066479999999999,1.0638299999999998,1.0638299999999998,-1.639889,-0.792244,-1.665743,-2.4847650000000003,-3.157895,-3.303786,1.0,18.049999
0.333333,0.611111,-0.722222,-0.277008,-0.277008,-0.7,-0.466667,-1.0444440000000002,-1.9777779999999998,-2.677778,-2.985185,0.0,18.0
0.22234600000000002,0.22234600000000002,-1.612007,-0.055555999999999994,-0.055555999999999994,-0.11117300000000001,-0.40022199999999997,-0.748564,-1.709283,-2.367982,-2.901612,0.0,17.99
1.713307,2.6270700000000002,-0.17133099999999998,-2.668149,-2.668149,2.1245,1.850371,1.9074810000000002,1.08795,0.397487,-0.22082600000000002,-1.0,17.51
1.868068,3.0356099999999997,0.0,-2.170188,-2.170188,3.5376529999999997,3.461763,3.8489980000000004,3.286632,2.669002,2.05682,-1.0,17.129998999999998
0.880282,1.93662,-0.176056,-0.5253939999999999,-0.5253939999999999,2.899061,3.544601,4.358373,3.846831,3.2159619999999998,2.634977,-1.0,17.040001
-0.408879,0.642523,-0.759346,0.469484,0.469484,1.390187,2.897196,3.5630839999999995,3.379089,2.726635,2.169003,0.0,17.120001000000002
-0.830368,0.8896799999999999,-3.5587190000000004,-1.518692,-1.518692,1.613286,4.098458,4.721234,4.830961,4.225386,3.7485169999999997,-1.0,16.860001
-0.236267,0.41346700000000003,-3.425871,0.415184,0.415184,0.5079739999999999,3.0655639999999997,3.72908,4.176019,3.7424690000000003,3.282142,0.0,16.93
0.0,2.560899,-0.124922,-5.434141,-5.434141,4.884447,7.832603999999999,8.761191,9.556527,9.386633,9.023527,-1.0,16.01
-0.743034,0.743034,-0.928793,0.874453,0.874453,2.873065,5.721362,7.124871000000001,8.300309,8.230341000000001,7.898865,1.0,16.15
-0.794621,0.48899799999999993,-1.283619,1.30031,1.30031,0.623472,3.3618580000000002,5.325998,6.4364300000000005,6.669927,6.352893,1.0,16.360001
-0.547112,1.033435,-1.155015,0.550122,0.550122,-0.42553199999999997,1.860182,4.320162,5.392097,5.869909,5.6149949999999995,1.0,16.450001
-0.06060599999999999,0.787879,-0.9696969999999999,0.303951,0.303951,-1.248485,0.9393940000000001,3.418182,4.512121,5.263031,5.163636,0.0,16.5
-1.02348,0.481638,-1.264299,0.666667,0.666667,-1.180012,-0.042143,2.2315869999999998,3.3293199999999996,4.243227,4.332731,1.0,16.610001
1.218769,1.828154,-0.304692,-1.204094,-1.204094,0.34125500000000003,0.7922,2.8112939999999997,4.156003,5.335771,5.486492,-1.0,16.41
-0.78125,0.661058,-0.8413459999999999,1.401584,1.401584,-0.7091350000000001,-0.889423,0.845353,2.487981,3.5745190000000004,3.944311,1.0,16.639999
-0.947306,0.888099,-1.302546,1.502404,1.502404,-1.657786,-2.338662,-1.081508,0.7874479999999999,1.7856720000000001,2.316953,1.0,16.889999
-0.591716,0.591716,-1.183432,0.059207,0.059207,-1.242604,-2.414201,-1.380671,0.41716000000000003,1.382249,2.102564,0.0,16.9
2.971498,3.032141,-0.4245,-2.4260349999999997,-2.4260349999999997,1.0673139999999999,0.303214,0.8126140000000001,2.498484,3.478472,4.346068,-1.0,16.49
0.060901,0.9135200000000001,-1.035323,-0.4245,-0.4245,1.510353,0.89525,0.990662,2.439099,3.5761269999999996,4.644742,0.0,16.42
-2.892562,0.23612800000000003,-2.892562,3.16687,3.16687,-1.251476,-1.859504,-2.180244,-1.0183,0.288076,1.241637,1.0,16.940001000000002
-2.131336,0.057603999999999995,-2.592166,2.479339,2.479339,-3.099078,-3.7096769999999997,-4.354839,-3.59447,-2.1728110000000003,-1.324885,1.0,17.360001
-0.686499,0.400458,-1.773455,0.691244,0.691244,-3.1006869999999997,-3.8100690000000004,-4.801678,-4.264874,-2.9519450000000003,-2.168192,1.0,17.48
-1.186441,0.282486,-2.20339,1.258581,1.258581,-2.937853,-4.389831,-5.348399,-5.293785,-4.19435,-3.485876,1.0,17.700001
-1.1235950000000001,0.11235999999999999,-1.685393,0.564972,0.564972,-1.932584,-4.146068,-5.2621720000000005,-5.61236,-4.788764,-4.033708,1.0,17.799999
1.080774,1.4220709999999999,-0.455063,-1.235955,-1.235955,0.022753,-2.411832,-3.6139550000000003,-4.300341,-3.6928330000000003,-2.798635,-1.0,17.58
-0.676819,0.169205,-1.184433,0.8532420000000001,0.8532420000000001,-0.406091,-2.763677,-3.948111,-4.864636,-4.5662720000000006,-3.57962,1.0,17.73
-0.509338,0.509338,-0.509338,-0.338409,-0.338409,0.147142,-1.997736,-3.180532,-4.332201,-4.205998999999999,-3.3050370000000004,0.0,17.67
-0.727069,0.111857,-1.230425,1.1884549999999998,1.1884549999999998,-0.8277399999999999,-2.371365,-3.844146,-4.932886,-5.163311,-4.436987,1.0,17.879998999999998
1.300905,1.4140270000000001,-0.169683,-1.118568,-1.118568,0.158371,-0.554299,-2.277526,-3.4247739999999998,-3.945701,-3.4257160000000004,-1.0,17.68
1.37931,1.6091950000000002,-0.344828,-1.58371,-1.58371,1.563218,1.310345,-0.413793,-1.571839,-2.335632,-1.98659,-1.0,17.4
0.23028200000000001,1.266551,-0.17271199999999998,-0.172414,-0.172414,1.324122,1.491077,-0.057571000000000004,-1.137018,-2.049511,-1.936289,0.0,17.370001000000002
-1.483172,0.057045000000000005,-2.167712,0.9211280000000001,0.9211280000000001,0.239589,0.5932689999999999,-0.7301770000000001,-1.745579,-2.8066169999999997,-2.827534,1.0,17.530001000000002
-0.737379,0.680658,-0.737379,0.570451,0.570451,-0.612592,-0.017016,-0.862167,-2.0136130000000003,-2.990357,-3.284175,1.0,17.629998999999998
0.397727,0.852273,-1.022727,-0.170164,-0.170164,-0.534091,0.039773,-0.246212,-1.508523,-2.4954549999999998,-3.013258,0.0,17.6
-2.5952509999999998,0.88349,-3.257869,2.897727,2.897727,-2.5510770000000003,-2.484815,-2.624701,-3.8763120000000004,-4.854776,-5.562304,1.0,18.110001
0.8426969999999999,2.078652,-0.393258,-1.711761,-1.711761,-0.370787,-0.7471909999999999,-0.764045,-1.9466290000000002,-2.894382,-3.7415730000000003,-1.0,17.799999
1.358234,1.754386,-0.16977899999999999,-0.730337,-0.730337,0.520656,-0.016978,0.037729,-1.007357,-1.9151099999999999,-2.8937939999999998,-1.0,17.67
0.113379,0.566893,-0.793651,-0.16977899999999999,-0.16977899999999999,0.7029479999999999,0.017006999999999998,0.185185,-0.513039,-1.5147389999999998,-2.420635,0.0,17.639999
0.859107,1.37457,-0.515464,-1.020408,-1.020408,1.580756,0.922108,1.0882020000000001,0.810424,-0.258877,-1.164567,-1.0,17.459999
1.04834,1.863716,-0.698893,-1.660939,-1.660939,2.201514,2.4927200000000003,2.636381,2.5800810000000003,1.5492139999999999,0.662007,-1.0,17.17
1.179245,2.535377,-0.23584899999999998,-1.223063,-1.223063,2.4764150000000003,3.520047,3.6045599999999998,3.732311,2.823113,2.008648,-1.0,16.959999
1.6187049999999998,1.918465,-0.119904,-1.650943,-1.650943,3.009592,4.748201,4.948041,5.233813,4.496403,3.756994,-1.0,16.68
-0.5865100000000001,0.997067,-1.055718,2.218225,2.218225,0.082111,2.134897,2.346041,2.759531,2.360117,1.5913979999999999,1.0,17.049999
-0.5175390000000001,0.11500899999999999,-1.8976419999999998,1.9941349999999998,1.9941349999999998,-1.9551470000000002,0.017251,0.23385100000000003,0.632547,0.5819439999999999,-0.20701599999999998,1.0,17.389999
-6.863271000000001,0.160858,-7.077748,7.245543,7.245543,-6.991957000000001,-6.4504019999999995,-6.091153,-5.879356,-5.846649,-6.589811999999999,1.0,18.65
-0.431965,2.807775,-1.187905,-0.697051,-0.697051,-4.654428,-5.404968,-5.017999,-5.0054,-4.935205000000001,-5.640749,-1.0,18.52
-0.541712,0.704225,-2.2751900000000003,-0.323974,-0.323974,-2.416035,-4.669556,-4.373419999999999,-4.482665,-4.413868,-5.052365,0.0,18.459999
2.083333,2.9605259999999998,-0.438596,-1.1917659999999999,-1.1917659999999999,0.065789,-3.190789,-2.997076,-3.2319080000000002,-3.142544,-3.587354,-1.0,18.24
-0.805585,2.148228,-0.9667020000000001,2.083333,2.083333,-0.655209,-4.543501,-4.611529,-4.95435,-4.943072,-5.161117,1.0,18.620001000000002
-0.599129,1.851852,-1.143791,-1.396348,-1.396348,0.43573,-2.543573,-3.1699349999999997,-3.34695,-3.4270150000000004,-3.560276,-1.0,18.360001
-3.569554,0.314961,-3.6220470000000002,3.75817,3.75817,-2.645669,-4.9763779999999995,-6.239719999999999,-6.406823999999999,-6.647769,-6.757655000000001,1.0,19.049999
-2.2419189999999998,1.459854,-2.86757,0.682415,0.682415,-2.554744,-4.316997,-6.350365,-6.611053,-6.965589,-7.094195,1.0,19.18
3.121693,4.0740739999999995,-1.534392,-1.459854,-1.459854,-0.41269799999999995,-1.9206349999999999,-4.518518,-4.891534,-5.371428,-5.506173,-1.0,18.9
1.113716,4.161782,-3.868699,-9.73545,-9.73545,8.499413,8.464244,5.623291,5.208089,4.689332,4.540836,-1.0,17.059998999999998
-4.944445,1.833333,-5.444445,5.509965,5.509965,2.433333,2.438889,0.414815,-0.31666700000000003,-0.6444439999999999,-0.840741,1.0,18.0
-1.3157889999999999,0.054825,-2.412281,1.333333,1.333333,0.19736800000000002,0.9375,-0.438596,-1.507675,-1.7609650000000001,-2.052266,1.0,18.24
-1.8766759999999998,1.072386,-1.983914,2.247807,2.247807,-2.573727,-1.179625,-1.923146,-3.4101879999999998,-3.680429,-4.030384,1.0,18.65
-1.426307,0.158479,-1.584786,1.501341,1.501341,-3.9830959999999997,-2.276809,-2.711745,-4.498151,-4.8304279999999995,-5.265011,1.0,18.93
-1.821968,1.92608,-2.654867,1.479134,1.479134,-3.144196,-3.3940660000000005,-3.498178,-5.434669,-5.882353,-6.380357,1.0,19.209999
-0.208117,0.884495,-2.3933400000000002,0.05205599999999999,0.05205599999999999,-1.9250779999999998,-2.9968779999999997,-3.350676,-4.950572,-5.700312,-6.113423,0.0,19.219998999999998
-0.520562,0.728787,-1.769912,-0.052029,-0.052029,-0.864133,-2.863092,-3.060906,-4.315461,-5.357626,-5.745272,0.0,19.209999
0.104657,1.5698590000000001,-0.313972,-0.520562,-0.520562,0.136054,-2.391418,-2.32688,-3.178964,-4.560963,-4.976452,-1.0,19.110001
-5.490196,0.098039,-5.637255000000001,6.750392,6.750392,-4.7549019999999995,-7.828432,-7.797386,-8.480392,-10.054902,-10.532680000000001,1.0,20.4
4.241186,4.701073,-0.30659200000000003,-4.068626999999999,-4.068626999999999,-0.34747100000000003,-2.636689,-3.563277,-4.041901,-5.808891,-6.402657,-1.0,19.57
-0.45941800000000005,0.7656970000000001,-1.225115,0.102197,0.102197,-0.071465,-1.924451,-3.2431509999999997,-3.899949,-5.410924,-6.246384,0.0,19.59
2.073613,2.903059,-0.259202,-1.5313940000000001,-1.5313940000000001,1.5655780000000001,0.145153,-1.6554349999999998,-2.205806,-3.4567129999999997,-4.530844999999999,-1.0,19.290001
-1.8867919999999998,0.15298299999999998,-1.9887810000000001,1.658891,1.658891,0.41815399999999997,-0.99949,-3.114058,-3.508414,-4.434472,-5.758966,1.0,19.610001
-0.40837199999999996,3.2159259999999996,-0.816743,-0.101989,-0.101989,-0.306279,-0.561511,-2.7803299999999997,-3.06534,-3.818275,-5.330951,0.0,19.59
-0.960566,1.112235,-1.921132,0.9698829999999999,0.9698829999999999,-1.051567,-1.2285139999999999,-2.797438,-3.703236,-4.258847,-5.849343,1.0,19.780001000000002
-0.849151,0.2997,-1.798202,1.213347,1.213347,-1.8081919999999998,-2.012987,-3.290043,-4.443057,-5.132867,-6.503497,1.0,20.02
1.618614,1.922104,-0.961052,-1.248751,-1.248751,-0.08093099999999999,-0.490642,-1.551172,-3.052605,-3.6803239999999997,-4.847412,-1.0,19.77
-2.25,0.0,-3.1,1.1633790000000002,1.1633790000000002,-0.84,-1.19,-2.233333,-3.9625,-4.48,-5.388333,1.0,20.0
-1.125795,0.489476,-1.664219,2.15,2.15,-2.104748,-3.2550169999999996,-3.801599,-5.6093980000000006,-6.061674,-6.828194,1.0,20.43
-2.355769,0.0,-2.355769,1.811062,1.811062,-2.865385,-4.384615,-5.003205,-6.389423000000001,-7.313461,-7.939103,1.0,20.799999
0.385728,1.542912,-0.144648,-0.288462,-0.288462,-1.8900669999999997,-3.55352,-4.239794,-5.4580519999999995,-6.586307000000001,-7.336869,0.0,20.74
-2.027346,0.18859,-2.781707,2.266152,2.266152,-2.706271,-4.7854790000000005,-5.7331449999999995,-6.8529,-8.24894,-8.967467999999998,1.0,21.209999
1.8740990000000002,1.9221529999999998,-0.576646,-1.8859029999999999,-1.8859029999999999,-0.057665,-2.378664,-3.376582,-4.543489,-6.172033,-6.8412619999999995,-1.0,20.809998999999998
0.627413,1.110039,-0.868726,-0.43248400000000004,-0.43248400000000004,0.656371,-1.409266,-2.853925,-3.696911,-5.413126999999999,-6.0376449999999995,0.0,20.719998999999998
-3.110273,0.094251,-4.0527809999999995,2.4131270000000002,2.4131270000000002,-1.31951,-3.0537229999999997,-4.624568,-5.4924599999999995,-6.8576809999999995,-7.84323,1.0,21.219998999999998
2.10728,2.6819919999999997,-0.47892700000000005,-1.602262,-1.602262,0.42145600000000005,-1.063218,-2.659642,-3.556035,-4.789272,-5.940294000000001,-1.0,20.879998999999998
-2.372093,0.418605,-2.651163,2.9693490000000002,2.9693490000000002,-2.2046509999999997,-3.111628,-4.781395,-5.804651,-6.928372,-8.272867999999999,1.0,21.5
-1.9134400000000003,0.0,-2.0501139999999998,2.093023,2.093023,-3.170843,-4.209567,-6.022779,-7.088838000000001,-8.23508,-9.732726,1.0,21.950001
-1.2129379999999998,0.673854,-1.437556,1.412301,1.412301,-3.135669,-4.721474,-6.531896,-7.9649600000000005,-8.914645,-10.486672,1.0,22.26
2.340523,2.4323080000000004,-0.7801739999999999,-2.111411,-2.111411,-0.523176,-2.212024,-3.900872,-5.470399,-6.476365,-7.832339,-1.0,21.790001
-0.138376,0.645756,-2.260148,-0.5048189999999999,-0.5048189999999999,0.719557,-1.2822879999999999,-2.902829,-4.508764,-5.547969999999999,-6.798893,-1.0,21.68
-0.459348,2.204869,-0.643087,0.41512899999999997,0.41512899999999997,0.551217,-1.433165,-2.691778,-4.333946,-5.468075,-6.643699000000001,0.0,21.77
1.114724,1.2540639999999998,-1.8578729999999999,-1.102435,-1.102435,1.281932,-0.0,-1.133302,-2.821644,-3.9647,-5.157145,-1.0,21.530001000000002
1.8832389999999999,3.2485880000000003,-0.23540500000000003,-1.346958,-1.346958,1.704331,1.61017,0.47081000000000006,-1.106403,-2.4952919999999996,-3.499686,-1.0,21.24
2.253116,3.020134,-1.486098,-1.789077,-1.789077,2.665388,3.2885910000000003,2.32023,0.9539790000000001,-0.47171599999999997,-1.478108,-1.0,20.860001
-0.809524,0.28571399999999997,-2.0,0.671141,0.671141,1.333333,2.657143,1.720635,0.514286,-0.866667,-1.852381,1.0,21.0
-2.374302,0.139665,-2.374302,2.285714,2.285714,-1.201117,0.353817,-0.468653,-1.333799,-2.674115,-3.6933580000000004,1.0,21.48
-1.504788,0.911993,-3.3287730000000004,2.0949720000000003,2.0949720000000003,-2.863657,-1.714546,-2.170543,-2.918377,-4.248062,-5.240918,1.0,21.93
0.456204,0.912409,-1.6879560000000002,-0.0456,-0.0456,-2.198905,-1.824818,-1.760949,-2.534215,-3.779197,-4.966545,0.0,21.92
0.50598,2.161914,-0.275989,-0.821168,-0.821168,-0.579577,-1.034959,-0.7881020000000001,-1.51104,-2.621895,-3.846979,-1.0,21.74
0.64905,1.9471490000000002,-1.854427,-0.7819689999999999,-0.7819689999999999,0.732499,-0.305981,0.207078,-0.54242,-1.566991,-2.783186,-1.0,21.57
2.4056599999999997,2.924528,-0.849057,-1.7153450000000001,-1.7153450000000001,2.2264150000000003,1.165094,1.861635,1.1910379999999998,0.42075500000000005,-0.7861640000000001,-1.0,21.200001
1.6802689999999998,4.512722,-0.384061,-1.7452830000000001,-1.7452830000000001,2.986078,2.62602,3.31253,2.9932790000000002,2.363898,1.1713870000000002,-1.0,20.83
-1.889466,0.6140760000000001,-2.598016,1.632261,1.632261,0.623524,0.944733,1.31003,1.4454420000000001,0.859707,-0.204692,1.0,21.17
4.668304,5.208844999999999,-0.44226000000000004,-3.8734059999999997,-3.8734059999999997,3.312039,4.761671,4.920557,5.3194099999999995,4.835381,3.90991,-1.0,20.35
0.049188,1.180521,-1.032956,-0.09827999999999999,-0.09827999999999999,2.1938020000000003,4.53517,4.581079,5.287751999999999,4.857846,4.0629610000000005,0.0,20.33
2.426694,3.336704,-0.252781,-2.705362,-2.705362,3.599596,6.582407000000001,6.818335,7.7805860000000004,7.484328,6.958207000000001,-1.0,19.780001000000002
-0.40060100000000004,1.3019530000000001,-1.352028,0.960566,0.960566,1.752629,4.586880000000001,5.281255000000001,6.259389,6.29344,5.935569999999999,1.0,19.969998999999998
2.3553509999999998,3.072197,-1.7921150000000001,-2.203305,-2.203305,2.3655909999999998,5.719405999999999,7.069466,7.954428999999999,8.444445,8.16863,-1.0,19.530001000000002
-1.546135,0.648379,-2.394015,2.66257,2.66257,-0.588529,2.134663,4.023275,4.7206980000000005,5.398504,5.238569999999999,1.0,20.049999
-2.047781,1.072647,-2.242808,2.294264,2.294264,-2.6426130000000003,-0.6728430000000001,1.530961,2.0867869999999997,2.962457,2.840891,1.0,20.51
-0.63322,0.43838299999999997,-1.412567,0.097513,0.097513,-2.0068189999999997,-1.095957,1.123559,1.685338,2.673161,2.630297,0.0,20.530001000000002
-1.6794630000000002,0.383877,-1.8714009999999999,1.5099850000000001,1.5099850000000001,-2.629559,-2.56238,-0.729367,0.007198,0.9328219999999999,1.1084450000000001,1.0,20.84
-0.526568,0.33508899999999997,-1.9147919999999998,0.239923,0.239923,-1.560555,-2.929631,-1.295676,-0.31594099999999997,0.428913,0.8935690000000001,0.0,20.889999
0.47892700000000005,0.574713,-1.3409959999999999,-0.047869999999999996,-0.047869999999999996,-0.718391,-2.62931,-1.522989,-0.26341,0.302682,0.8876120000000001,0.0,20.879998999999998
2.111984,2.111984,-0.196464,-2.490422,-2.490422,1.669941,-0.127701,0.5959399999999999,2.126719,2.605108,3.379175,-1.0,20.360001
0.196464,1.620825,-1.768173,0.0,0.0,1.502947,0.157171,0.320891,1.8516700000000001,2.3280939999999997,3.192534,0.0,20.360001
0.0,0.588813,-0.736016,0.098232,0.098232,0.9519139999999999,0.26005900000000004,0.075237,1.371443,2.001963,2.834478,0.0,20.379998999999998
-0.147203,0.49067700000000003,-2.158979,0.0,0.0,0.45142299999999996,0.677134,-0.183186,0.9936209999999999,1.83317,2.526987,0.0,20.379998999999998
-1.933301,1.498308,-1.933301,1.521099,1.521099,-1.2373129999999999,-0.521991,-1.5691959999999998,-0.77332,0.274529,0.8135979999999999,1.0,20.690001000000002
-0.52961,1.107366,-0.818488,0.38666,0.38666,-1.222918,-0.779971,-1.807094,-1.348098,-0.155994,0.27924899999999997,0.0,20.77
0.38759699999999997,1.6957360000000001,-1.017442,-0.625903,-0.625903,-0.329457,-0.101744,-0.910853,-0.862403,0.310078,0.728359,-1.0,20.639999
-0.769601,1.058201,-1.4911020000000001,0.726744,0.726744,-0.654161,-0.846561,-1.362835,-1.587302,-0.632997,-0.11704300000000001,1.0,20.790001
-1.493931,0.373483,-2.941176,3.030303,3.030303,-2.6050419999999996,-3.5154059999999996,-3.675693,-4.423436,-3.6489260000000003,-3.026766,1.0,21.42
2.733813,4.220623000000001,-0.5755399999999999,-2.661064,-2.661064,0.211031,-0.892086,-0.786571,-1.690647,-1.185611,-0.377298,-1.0,20.85
1.71737,2.502453,-0.8832190000000001,-2.254197,-2.254197,2.139352,1.403337,1.458947,0.588813,0.8596659999999999,1.818777,-1.0,20.379998999999998
-1.015965,0.5805520000000001,-1.403,1.422964,1.422964,0.7353649999999999,0.130624,0.08063200000000001,-0.60716,-0.657958,0.25963600000000003,1.0,20.67
1.066408,1.114881,-2.084343,-0.193517,-0.193517,0.77557,0.445953,0.206819,-0.254484,-0.50412,0.243981,0.0,20.629998999999998
5.8978410000000006,7.635598,-0.579252,-7.949588,-7.949588,6.919430999999999,8.388625,8.193787,8.217483,7.6292789999999995,8.38687,-1.0,18.99
0.265816,1.4354069999999999,-1.913876,-0.947867,-0.947867,5.773525,8.426369000000001,8.495481,8.923445,8.331738,8.904838,-1.0,18.809998999999998
-1.3619700000000001,0.0,-2.828706,1.4885700000000002,1.4885700000000002,2.870613,5.955998,6.460625,6.9539029999999995,6.482975,6.874453999999999,1.0,19.09
-2.470407,0.257334,-3.242409,1.781037,1.781037,-0.205867,3.4791559999999997,4.278607,4.79928,4.547607,4.700635,1.0,19.43
-0.563813,0.307535,-1.998975,0.411734,0.411734,-1.763198,2.3987700000000003,3.5537330000000003,4.028703,4.024603,4.045788,0.0,19.51
1.82102,2.1852240000000003,-0.7804369999999999,-1.486417,-1.486417,-0.041623,2.799168,4.71384,5.163892,5.529656,5.277489,-1.0,19.219998999999998
1.590668,1.908802,-0.371156,-1.8730490000000002,-1.8730490000000002,1.9194060000000002,3.706257,6.065748,6.635737,7.2916229999999995,7.023683,-1.0,18.860001
-4.1730279999999995,0.152672,-4.223918,4.188758999999999,4.188758999999999,-1.608142,-0.834606,1.4215440000000001,2.167939,2.803053,2.605598,1.0,19.65
-1.6458849999999998,0.399002,-1.6458849999999998,2.0356229999999997,2.0356229999999997,-2.952618,-3.122195,-0.798005,0.052369000000000006,0.656359,0.603491,1.0,20.049999
-0.09995,1.09945,-0.349825,-0.199501,-0.199501,-2.258871,-3.238381,-0.8595700000000001,0.15992,0.691654,0.811261,0.0,20.01
-0.544554,0.594059,-1.683168,0.949525,0.949525,-2.207921,-3.5495050000000004,-2.1947200000000002,-0.8267329999999999,-0.392079,-0.026402999999999996,1.0,20.200001
-2.423655,0.096946,-2.66602,2.1287130000000003,2.1287130000000003,-2.530296,-4.677654,-4.304411,-2.908386,-2.516723,-2.016481,1.0,20.629998999999998
5.586878,5.740646,-0.820092,-5.428987,-5.428987,2.921579,1.009739,0.89185,2.342389,2.905177,3.437553,-1.0,19.51
-0.616333,0.667694,-1.129943,-0.205023,-0.205023,2.5372369999999997,1.237802,0.688238,2.252183,2.933744,3.4685839999999994,0.0,19.469998999999998
-1.429301,1.378254,-1.429301,0.616333,0.616333,1.4803469999999999,0.658499,-0.282457,1.319551,2.141909,2.622086,1.0,19.59
-0.7117439999999999,0.915099,-1.830198,0.40837199999999996,0.40837199999999996,0.528724,0.47788500000000006,-0.45755,0.462633,1.5821049999999999,1.997966,0.0,19.67
1.023018,1.381074,-0.204604,-0.610066,-0.610066,0.040921,1.44757,0.40579699999999996,0.746803,1.972378,2.397272,-1.0,19.549999
-1.616978,0.6568970000000001,-1.8191,1.2276209999999999,1.2276209999999999,-0.889338,0.288024,-0.576048,-0.624053,0.5376449999999999,1.059458,1.0,19.790001
-1.7292490000000003,1.9762849999999998,-1.7292490000000003,2.273876,2.273876,-2.332016,-1.8478259999999997,-2.519763,-2.939723,-1.77668,-1.207181,1.0,20.24
-0.396432,0.297324,-1.783944,-0.29644299999999996,-0.29644299999999996,-1.456888,-1.471754,-2.0085889999999997,-2.762636,-1.60555,-0.9464819999999999,0.0,20.18
1.3098239999999999,2.468514,-0.403023,-1.635283,-1.635283,0.36272,-0.010076,-0.167926,-0.9294709999999999,-0.286146,0.611251,-1.0,19.85
-2.6894869999999997,0.195599,-3.0317849999999997,3.02267,3.02267,-1.701712,-3.0317849999999997,-2.578647,-3.4352080000000003,-3.2899760000000002,-2.379788,1.0,20.450001
-1.163354,0.484731,-2.229763,0.8801959999999999,0.8801959999999999,-1.7450310000000002,-3.334949,-3.111973,-3.9045080000000003,-4.085312999999999,-3.254161,1.0,20.629998999999998
-1.42315,1.755218,-2.182163,2.181289,2.181289,-3.045541,-4.634725,-4.854522,-5.564516,-6.055028,-5.249842,1.0,21.08
-0.7068800000000001,0.518379,-0.989632,0.664137,0.664137,-2.7049950000000003,-4.495759,-5.102105,-5.784637,-6.563619,-5.807415,1.0,21.219998999999998
-0.6523770000000001,0.372787,-1.95713,1.131009,1.131009,-2.292637,-4.72973,-5.771979,-6.316402,-7.148183,-6.8546130000000005,1.0,21.459999
0.2331,0.32634,-0.9790209999999999,-0.046598,-0.046598,-1.314685,-3.7995339999999995,-5.473194,-5.668998,-6.6125869999999995,-6.717949000000001,0.0,21.450001
-0.46468400000000004,0.092937,-1.6263940000000001,0.32634,0.32634,-0.80855,-3.30855,-5.157992,-5.541357,-6.464683999999999,-6.8447960000000005,0.0,21.52
0.657895,2.020677,-0.18797,-1.115242,-1.115242,0.49812,-1.729323,-3.521303,-4.18703,-5.06203,-5.698622,-1.0,21.280001000000002
-2.4018479999999998,0.415704,-3.2332560000000004,1.738722,1.738722,-0.8221709999999999,-2.7297919999999998,-4.5357970000000005,-5.445727,-6.2891449999999995,-7.153194999999999,1.0,21.65
1.194304,1.194304,-1.148369,0.5542729999999999,0.5542729999999999,-1.0840610000000002,-2.384015,-4.418925,-5.606339,-6.337161,-7.239319999999999,1.0,21.77
-3.57462,0.089366,-4.334226999999999,2.802021,2.802021,-2.949062,-4.182306,-6.181114,-7.7882039999999995,-8.260947,-9.235925,1.0,22.379998999999998
0.854317,1.079137,-0.359712,-0.625559,-0.625559,-1.690647,-2.855216,-4.856115,-6.593975,-7.217625999999999,-8.192446,-1.0,22.24
-2.332747,0.13204200000000002,-4.049296,2.158273,2.158273,-2.5,-4.18574,-6.138498,-7.852113,-8.707747,-9.649355,1.0,22.719998999999998
0.22065300000000002,1.103266,-0.264784,-0.264085,-0.264085,-1.3503969999999998,-3.296558,-5.160341000000001,-6.930714999999999,-7.998235,-8.946749,0.0,22.66
-0.087835,0.5709270000000001,-0.5270090000000001,0.485437,0.485437,-0.948617,-3.188406,-4.763578,-6.699605,-7.991217,-8.86693,0.0,22.77
1.3790040000000001,1.601424,-0.133452,-1.273606,-1.273606,0.418149,-1.481317,-2.932977,-4.844306,-6.475089,-7.154508,-1.0,22.48
1.534989,1.534989,-0.812641,-1.4679719999999998,-1.4679719999999998,1.832957,0.27088,-1.0293450000000002,-2.8939049999999997,-4.604966,-5.395034,-1.0,22.15
-0.49217,0.536913,-0.8501120000000001,0.902935,0.902935,0.590604,-0.147651,-1.536167,-3.290828,-4.9431769999999995,-5.898583,1.0,22.35
-1.4356209999999998,0.807537,-1.4356209999999998,-0.268456,-0.268456,0.529385,0.40825500000000003,-0.951099,-2.5572,-4.202782,-5.304322,0.0,22.290001
-0.13459000000000002,0.9869899999999999,-0.403769,0.0,0.0,0.098699,0.641543,-0.702856,-2.0098700000000003,-3.732615,-4.991775,0.0,22.290001
0.0,0.8920610000000001,-0.579839,0.583221,0.583221,-0.5352359999999999,0.075825,-0.990187,-2.138716,-3.778769,-5.276539,1.0,22.42
0.31361999999999995,0.94086,-1.120072,-0.44603000000000004,-0.44603000000000004,0.062724,0.560036,-0.30764600000000003,-1.321685,-2.8942650000000003,-4.432497,0.0,22.32
0.533808,1.5124549999999999,-0.845196,0.716846,0.716846,-0.533808,-0.26245599999999997,-0.661329,-1.712633,-3.186833,-4.66637,1.0,22.48
1.448619,2.5803529999999997,-0.181077,-1.734875,-1.734875,1.041195,1.24038,1.225291,0.219556,-1.131734,-2.6060060000000003,-1.0,22.09
-4.995693,0.172265,-4.995693,5.115437,5.115437,-3.074935,-3.492679,-3.284525,-4.278639,-5.362618,-6.836061,1.0,23.219998999999998
-0.301464,0.47373000000000004,-1.421189,0.0,0.0,-2.3858740000000003,-3.173988,-3.0433529999999998,-3.897502,-4.885444000000001,-6.309216,0.0,23.219998999999998
-0.17130599999999999,0.5567449999999999,-0.5567449999999999,0.559862,0.559862,-2.047109,-3.199143,-3.266238,-4.040685,-4.949037000000001,-6.322627,1.0,23.35
1.699346,2.091503,-0.087146,-1.7130619999999999,-1.7130619999999999,0.069717,-1.250545,-1.513435,-2.004357,-2.9664490000000003,-4.296296,-1.0,22.950001
-0.858369,0.171674,-0.944206,1.5250540000000001,1.5250540000000001,-0.39485,-2.3004290000000003,-2.809728,-3.122318,-4.066953,-5.287554,1.0,23.299999
-0.595491,0.0,-1.999149,0.9012879999999999,0.9012879999999999,-1.037856,-2.6541900000000003,-3.468028,-3.61761,-4.575075,-5.614632,1.0,23.51
0.46908299999999997,0.9381659999999999,-1.364606,-0.255211,-0.255211,-0.588486,-1.9658849999999999,-2.945274,-3.142857,-3.9897650000000002,-4.946695,0.0,23.450001
1.647161,2.0806240000000003,-0.26007800000000003,-1.6204690000000002,-1.6204690000000002,0.806242,-0.026008,-1.080769,-1.367577,-2.139575,-3.028464,-1.0,23.07
1.041667,1.215278,-0.303819,-0.13003900000000002,-0.13003900000000002,1.015625,0.347222,-0.752315,-1.169705,-1.7065970000000001,-2.618634,0.0,23.040001
2.368186,3.440572,-0.044683,-2.864583,-2.864583,3.172475,3.4361040000000003,2.2013700000000003,1.682306,1.322609,0.425976,-1.0,22.379998999999998
0.044663,0.401965,-2.813756,0.044683,0.044683,2.1259490000000003,3.019205,2.185499,1.552032,1.38812,0.5195770000000001,0.0,22.389999
0.22381399999999999,2.282901,-0.40286500000000003,-0.22331399999999998,-0.22331399999999998,1.3607879999999999,2.855864,2.390331,1.747986,1.6078780000000001,0.87735,0.0,22.34
1.775148,3.368229,-0.13655,-1.656222,-1.656222,2.0664540000000002,3.959945,4.008496,3.4205730000000005,3.2699130000000003,2.644515,-1.0,21.969998999999998
4.666991,5.736509,-0.8264459999999999,-6.372326,-6.372326,6.6115699999999995,9.878464,10.46832,10.026738,9.880408000000001,9.515475,-1.0,20.57
0.634146,1.414634,-0.43902399999999997,-0.340301,-0.340301,5.141463,8.887805,10.328455,9.965854,9.834146,9.702439,0.0,20.5
-1.9617220000000002,0.287081,-2.3444979999999997,1.9512200000000002,1.9512200000000002,1.7033490000000002,5.5550239999999995,7.4768740000000005,7.528708,7.374163,7.464115,1.0,20.9
0.23866300000000001,1.431981,-0.47732700000000006,0.239234,0.239234,0.133652,4.109785,6.498011,6.921241,6.825775999999999,6.980111999999999,0.0,20.950001
-0.9451799999999999,0.708885,-1.323251,1.0023870000000001,1.0023870000000001,-1.625709,2.173913,4.751103,5.586011,5.57845,5.748267,1.0,21.16
-1.6166280000000002,0.046189,-2.078522,2.31569,2.31569,-2.854503,-0.7806,1.9799849999999999,3.004619,3.059584,3.190146,1.0,21.65
-2.40145,0.09062100000000001,-2.5373810000000003,1.9399540000000002,1.9399540000000002,-3.280471,-2.809243,-0.332276,1.039873,1.05845,1.13729,1.0,22.07
2.626728,2.626728,-0.138249,-1.676484,-1.676484,-0.894009,-1.470046,0.81106,2.412442,2.6728110000000003,2.697389,-1.0,21.700001
-0.363636,0.909091,-0.409091,1.382488,1.382488,-1.290909,-2.968182,-1.0030299999999999,0.738636,1.196364,1.224242,1.0,22.0
-0.451467,0.722348,-0.722348,0.681818,0.681818,-1.0654629999999998,-3.544018,-1.950339,-0.21444699999999997,0.480361,0.538751,1.0,22.15
-0.271739,0.317029,-1.222826,-0.316027,-0.316027,-0.362319,-2.554348,-1.929348,-0.095109,0.726449,0.8167270000000001,0.0,22.08
-0.22301500000000002,0.26761799999999997,-1.8287240000000002,1.539855,1.539855,-1.5611059999999999,-3.175736,-3.4046980000000002,-1.806423,-0.7421939999999999,-0.6928340000000001,1.0,22.42
0.22391399999999997,0.49261099999999997,-1.253919,-0.401427,-0.401427,-0.60009,-2.145096,-3.033288,-1.674877,-0.501567,-0.28661,0.0,22.33
1.9945599999999999,2.4932,-0.135993,-1.209136,-1.209136,0.670898,-0.44424300000000005,-1.931097,-0.7864909999999999,0.505893,0.8794200000000001,-1.0,22.059998999999998
-0.717167,0.537875,-1.344689,1.133273,1.133273,-0.313761,-1.044375,-2.928433,-2.068579,-0.806813,-0.25250300000000003,1.0,22.309998999999998
-1.762115,0.17621099999999998,-1.9823790000000001,1.7480950000000002,1.7480950000000002,-1.480176,-2.2819380000000002,-3.9706309999999996,-3.825991,-2.555066,-1.933921,1.0,22.700001
0.534283,0.534283,-0.8904719999999999,-1.057269,-1.057269,-0.391808,-1.064114,-2.362719,-2.7804990000000003,-1.663402,-0.8311069999999999,-1.0,22.459999
-4.253508999999999,0.638026,-4.253508999999999,4.674978,4.674978,-3.836665,-4.7128879999999995,-5.98327,-6.884305,-6.055295,-5.219056,1.0,23.51
-0.169062,1.0989010000000001,-1.9019439999999999,0.638026,0.638026,-3.093829,-4.615385,-5.815723,-7.195689,-6.615385000000001,-5.75796,1.0,23.66
1.6190879999999999,1.746911,-0.5112909999999999,-0.8030430000000001,-0.8030430000000001,-1.320835,-3.2807839999999997,-4.3971029999999995,-6.12484,-5.7912230000000005,-4.9779860000000005,-1.0,23.469998999999998
0.688172,1.9784950000000001,-0.215054,-0.9373670000000001,-0.9373670000000001,0.086022,-1.862366,-3.033692,-4.660215,-4.863656,-4.035842,-1.0,23.25
-1.6673790000000002,0.0,-2.992732,0.602151,0.602151,0.282172,-2.0350580000000003,-3.237851,-4.613082,-5.260368,-4.597405999999999,1.0,23.389999
-0.385274,0.8133560000000001,-0.941781,-0.12825999999999999,-0.12825999999999999,0.282534,-1.468322,-2.63984,-3.9640410000000004,-4.972602999999999,-4.49629,0.0,23.360001
0.258398,1.119724,-0.38759699999999997,-0.5993149999999999,-0.5993149999999999,0.5081829999999999,-0.374677,-1.7025549999999998,-2.89621,-4.248062,-3.9534879999999997,-1.0,23.219998999999998
-1.146984,0.042481,-2.803738,1.3781219999999998,1.3781219999999998,-0.7986409999999999,-1.206457,-2.645143,-3.7107050000000004,-5.282923,-5.19258,1.0,23.540001
-2.9350970000000003,0.372055,-3.307152,2.761257,2.761257,-2.687061,-3.245143,-4.67962,-5.773046,-7.2294339999999995,-7.581645,1.0,24.190001000000002
2.847429,2.847429,-0.637484,-2.7284,-2.7284,0.161496,-0.076498,-1.6914580000000001,-2.819804,-4.112197,-4.8264629999999995,-1.0,23.530001000000002
1.77259,2.507566,-0.562041,-1.699957,-1.699957,1.694769,1.4872459999999998,0.23922800000000002,-0.830091,-2.06831,-3.07393,-1.0,23.129998999999998
-0.303688,1.214751,-1.3882860000000001,-0.345871,-0.345871,1.9002169999999998,1.574837,0.8734639999999999,-0.25813400000000003,-1.363991,-2.634852,0.0,23.049999
0.30448000000000003,1.8703779999999999,-0.695955,-0.260304,-0.260304,1.6876900000000001,1.6311440000000001,1.333913,0.184863,-0.788169,-2.232855,0.0,22.99
-2.040816,0.170068,-2.593537,2.30535,2.30535,-1.173469,-0.544218,-0.71712,-1.7665819999999999,-2.705782,-4.017857,1.0,23.52
0.084353,0.843526,-0.590468,0.807823,0.807823,-1.813581,-1.206242,-1.161254,-2.2817380000000003,-3.208773,-4.335723000000001,1.0,23.709999
-0.805768,0.72095,-0.805768,-0.548292,-0.548292,-0.8905850000000001,-0.568278,-0.596551,-1.477947,-2.356234,-3.4294599999999997,-1.0,23.58
1.036717,2.4622029999999997,0.0,-1.823579,-1.823579,1.036717,1.2483799999999998,1.1029520000000002,0.5874729999999999,-0.34384499999999996,-1.318934,-1.0,23.15
-1.0647360000000001,0.596252,-2.683135,1.425486,1.425486,0.034072000000000005,-0.20017000000000001,-0.315162,-0.577087,-1.517888,-2.376491,1.0,23.48
1.298701,1.6883119999999998,-0.34631999999999996,-1.618399,-1.618399,1.316017,0.9696969999999999,1.281385,1.145022,0.27878800000000004,-0.5613279999999999,-1.0,23.1
0.085397,0.512383,-1.366354,1.385281,1.385281,-0.315969,-0.456874,-0.093937,-0.032024000000000004,-0.920581,-1.727868,1.0,23.42
-0.814053,0.8568979999999999,-0.8568979999999999,-0.341588,-0.341588,-0.179949,-0.025707,0.242788,0.27420700000000003,-0.407883,-1.1568120000000002,0.0,23.34
1.30039,1.9505849999999998,-0.17338499999999998,-1.1568120000000002,-1.1568120000000002,0.918942,1.1530129999999998,1.372634,1.319896,0.9328129999999999,0.154602,-1.0,23.07
2.633929,2.901786,-2.455357,-2.904205,-2.904205,2.973214,3.915179,4.065476,4.111607,3.967857,3.1875,-1.0,22.4
0.312919,0.98346,-2.3692450000000003,-0.133929,-0.133929,2.45865,3.540456,3.662643,4.054537,4.048279,3.369096,0.0,22.370001000000002
-1.049869,0.787402,-2.143482,2.190434,2.190434,-0.22747199999999998,0.949256,1.245261,1.7082240000000002,1.8880139999999999,1.2175559999999999,1.0,22.860001
0.34934499999999996,0.742358,-1.135371,0.174978,0.174978,-0.786026,0.475983,1.001456,1.430131,1.603493,1.123726,0.0,22.9
3.21267,3.4841629999999997,-0.361991,-3.49345,-3.49345,1.927602,3.638009,4.371041,4.848416,4.999095,4.790347,-1.0,22.1
-1.426025,0.26738,-4.188948,1.538462,1.538462,0.41889499999999996,1.604278,2.6262630000000002,3.0147060000000003,3.224599,3.221925,1.0,22.440001000000002
1.909959,2.637563,-0.045475,-2.005347,-2.005347,2.1282400000000004,3.178718,4.262544,4.622555999999999,5.107776,5.226618,-1.0,21.99
0.924214,1.617375,-1.2014790000000002,-1.591633,-1.591633,2.652495,4.024954,5.311152,5.878004,6.484287999999999,6.802217999999999,-1.0,21.639999
4.488417,5.30888,-0.144788,-4.251386,-4.251386,5.106178,7.379344000000001,9.066924,9.997587,10.702703,11.09556,-1.0,20.719998999999998
0.816131,2.8324529999999997,-0.384061,0.530888,0.530888,3.3317330000000003,5.736918,7.7484399999999996,8.883821000000001,9.659145,10.056009,0.0,20.83
-3.209061,0.6606890000000001,-5.002358999999999,1.728276,1.728276,0.396413,3.369514,5.19742,6.60925,7.352525,7.827591,1.0,21.190001000000002
-2.69893,1.907864,-3.9553279999999997,1.4157620000000002,1.4157620000000002,-1.470451,1.516985,3.229409,4.648674,5.351326,6.049325,1.0,21.49
1.579926,3.2063200000000003,-0.8829,0.1396,0.1396,-1.7193310000000002,0.752788,2.496902,3.993959,4.830855000000001,5.611834,0.0,21.52
-1.559633,0.41284399999999993,-2.201835,1.301115,1.301115,-1.9908259999999998,-1.045872,0.70948,2.25,3.240367,4.016819,1.0,21.799999
-1.970443,0.17913099999999998,-2.3734889999999997,2.431193,2.431193,-2.973578,-3.2915360000000002,-1.901776,-0.360502,0.660994,1.415137,1.0,22.33
1.8627900000000002,3.0440709999999997,-0.363471,-1.43305,-1.43305,-0.81781,-2.0808720000000003,-0.59367,0.754203,1.946388,2.657883,-1.0,22.01
-1.595745,0.620567,-1.595745,2.4988639999999998,2.4988639999999998,-2.287234,-4.215425,-2.960993,-1.821808,-0.70922,-0.08569700000000001,1.0,22.559998999999998
0.624442,1.338091,-0.758252,-0.620567,-0.620567,-0.8742190000000001,-3.269402,-2.4858759999999998,-1.431757,-0.319358,0.373179,-1.0,22.42
1.175938,1.6282219999999998,-0.587969,-1.382694,-1.382694,0.79602,-1.2844870000000002,-1.356852,-0.327906,0.8123020000000001,1.626715,-1.0,22.110001
-3.980961,0.0,-4.067503,4.52284,4.52284,-2.890524,-4.56945,-5.3339099999999995,-4.632194,-3.5569019999999996,-2.762152,1.0,23.110001
1.6228069999999999,2.45614,-0.438596,-1.3414110000000001,-1.3414110000000001,-0.877193,-2.565789,-3.9415199999999997,-3.247807,-2.364912,-1.4678360000000001,-1.0,22.799999
-3.047091,0.831025,-6.133755000000001,10.833333,10.833333,-8.421053,-10.593589,-12.465374,-12.130985,-11.564701,-10.867958999999999,1.0,25.27
-3.516068,0.9451799999999999,-3.553875,4.669569,4.669569,-9.459357,-12.718336,-15.15816,-15.3724,-15.051796,-14.499054999999998,1.0,26.450001
2.826171,3.755323,-0.077429,-2.344045,-2.344045,-4.40573,-9.063105,-11.802814,-12.773907000000001,-12.627177,-12.156407000000002,-1.0,25.83
-0.424383,1.273148,-0.733025,0.348432,0.348432,-2.569444,-7.9938270000000005,-10.799897,-12.339891999999999,-12.490741,-12.105195,0.0,25.92
0.421941,1.265823,-1.035673,0.578704,0.578704,-0.621404,-6.965861,-10.065209,-12.148063,-12.431147,-12.279759,1.0,26.07
-0.612557,1.033691,-0.9954059999999999,0.19179100000000002,0.19179100000000002,-0.160796,-5.781011,-9.055639999999999,-11.525651,-12.024503,-12.062277,0.0,26.120001000000002
-0.535168,0.191132,-2.331804,0.153139,0.153139,-0.535168,-4.495413,-8.012233,-10.797018,-11.654434,-11.847605,0.0,26.16
0.344828,1.149425,-0.613027,-0.229358,-0.229358,-0.099617,-2.7471259999999997,-6.702425999999999,-9.561303,-10.960919,-11.292465,0.0,26.1
-0.0383,0.80429,-0.612792,0.038314,0.038314,0.007659999999999999,-1.635389,-5.7730120000000005,-8.584833,-10.380697,-10.938336999999999,0.0,26.110001
-1.367781,0.075988,-1.975684,0.80429,0.80429,-0.600304,-1.082827,-5.4331309999999995,-8.339665,-10.506079,-11.152482000000001,1.0,26.32
2.0970869999999997,2.2912619999999997,-0.7378640000000001,-2.165653,-2.165653,1.3126209999999998,1.293204,-2.513916,-5.483495,-7.940971,-8.74822,-1.0,25.75
-2.387268,0.037893,-2.387268,2.485437,2.485437,-0.9700639999999999,-1.1860549999999999,-3.8752050000000002,-6.852974000000001,-9.453581,-10.515347,1.0,26.389999
-0.37850100000000003,1.5140049999999998,-0.643452,0.113679,0.113679,-0.8402729999999999,-1.074943,-2.896795,-6.0844059999999995,-8.693414,-10.172849000000001,0.0,26.42
-2.18276,0.591935,-2.663707,2.308857,2.308857,-2.397336,-2.8967810000000003,-4.121346,-7.334442999999999,-9.836478,-11.592058,1.0,27.030001000000002
0.819672,1.1177350000000001,-1.6020860000000001,-0.702923,-0.702923,-1.318927,-1.922504,-2.439146,-5.778688,-8.356185,-10.419771,-1.0,26.84
-0.890869,0.593912,-1.410542,0.372578,0.372578,-0.801782,-1.9821830000000003,-2.388023,-5.315516000000001,-7.887156,-10.139816999999999,0.0,26.940001000000002
1.970993,2.1197470000000003,-0.743771,-0.185598,-0.185598,-0.245444,-1.528449,-2.097434,-4.308293,-6.917069000000001,-9.321928999999999,0.0,26.889999
-2.4900759999999997,0.288704,-2.814868,3.049461,3.049461,-2.26633,-3.861422,-4.542283,-6.129556,-8.818477,-11.164441,1.0,27.709999
-0.46628400000000003,0.502152,-0.8967,0.6134970000000001,0.6134970000000001,-2.252511,-3.8127690000000003,-4.655667,-5.8464849999999995,-8.578192999999999,-10.863223,1.0,27.879998999999998
-0.78125,0.142045,-1.81108,1.004304,1.004304,-2.286932,-4.115767,-5.108902,-5.830966,-8.613636,-10.924479,1.0,28.16
1.7353580000000002,1.7353580000000002,-1.482285,-1.775568,-1.775568,0.0,-1.691974,-3.022415,-3.696674,-6.22415,-8.570739999999999,-1.0,27.66
2.958802,3.258427,-0.26217199999999996,-3.4707160000000004,-3.4707160000000004,3.453183,1.9588020000000002,0.599251,-0.18726600000000002,-2.211236,-4.636704,-1.0,26.700001
-0.295858,1.7011830000000001,-1.257396,1.273408,1.273408,1.6568049999999999,0.906065,-0.433925,-1.218565,-2.711539,-5.189842,1.0,27.040001
-3.735326,0.355745,-3.735326,3.957101,3.957101,-2.049093,-2.550694,-3.7495550000000004,-4.589114,-5.703309,-8.113364,1.0,28.110001
-0.107373,0.966356,-1.5748030000000002,-0.604767,-0.604767,-1.610594,-1.564066,-2.77738,-3.673944,-4.393701,-6.846814999999999,-1.0,27.940001000000002
0.503416,1.618123,-0.719166,-0.465283,-0.465283,-1.0427899999999999,-0.791082,-1.829078,-2.919813,-3.5814449999999995,-5.782093,0.0,27.809998999999998
4.480422,4.480422,-1.731928,-4.494786,-4.494786,3.509036,3.753765,2.8338349999999997,1.7243979999999999,0.972892,-0.828313,-1.0,26.559998999999998
-3.5042419999999996,0.258207,-4.647730999999999,2.070783,2.070783,1.460716,1.427518,0.917251,-0.15308,-0.886758,-2.225501,1.0,27.110001
1.6572509999999998,2.636535,-0.564972,-2.065658,-2.065658,2.425612,3.065913,2.925298,2.0357819999999998,1.298682,0.268675,-1.0,26.549999
-1.256003,1.219062,-2.733654,1.9585689999999998,1.9585689999999998,-0.18470599999999998,0.683413,1.004802,0.214259,-0.499446,-1.131634,1.0,27.07
-4.513148,1.137171,-4.513148,3.952715,3.952715,-3.7455580000000004,-2.974414,-2.551528,-3.171642,-3.995736,-4.551054,1.0,28.139999
0.284495,1.493599,-1.955903,-0.071073,-0.071073,-2.567568,-2.400427,-2.190612,-2.7951639999999998,-3.648649,-4.285206,0.0,28.120001000000002
3.7707949999999997,3.8077629999999996,-0.036969,-3.8051209999999998,-3.8051209999999998,1.2421440000000001,1.463956,1.5157120000000002,1.166359,0.303142,-0.34873699999999996,-1.0,27.049999
-1.5585360000000001,0.43493999999999994,-2.609641,1.996303,1.996303,0.014497999999999999,-0.7104020000000001,-0.541259,-0.7122149999999999,-1.445451,-2.097378,1.0,27.59
-1.4426459999999999,0.175932,-2.076003,3.008336,3.008336,-1.9563689999999998,-3.441239,-3.3849400000000003,-3.3339199999999996,-4.028149,-4.680976,1.0,28.42
1.493068,2.34625,-0.142197,-1.020408,-1.020408,-0.9527200000000001,-2.33203,-2.277521,-2.125844,-2.70032,-3.4601260000000003,-1.0,28.129998999999998
-0.595238,0.945378,-1.085434,1.5286170000000001,1.5286170000000001,-2.135854,-3.102241,-3.314659,-3.3070730000000004,-3.8613449999999996,-4.63352,1.0,28.559998999999998
1.055595,1.6889509999999999,-0.211119,-0.490196,-0.490196,-0.689655,-2.163969,-2.5146610000000003,-2.705841,-3.106263,-3.891626,0.0,28.42
-0.48951000000000006,0.6643359999999999,-0.9790209999999999,0.633357,0.633357,-0.608392,-2.062937,-3.013986,-3.192308,-3.4965040000000003,-4.206294000000001,1.0,28.6
-1.2418069999999999,0.379441,-1.655743,1.363636,1.363636,-1.552259,-2.718179,-4.077268,-4.351501,-4.4981029999999995,-5.187996,1.0,28.99
0.626959,0.626959,-0.731452,-0.96585,-0.96585,-0.188088,-1.570881,-2.932776,-3.235806,-3.320097,-3.919656,-1.0,28.709999
0.7044729999999999,1.7964069999999999,-0.24656599999999998,-1.114594,-1.114594,0.817189,-0.36632600000000004,-1.408947,-1.8474810000000002,-2.019021,-2.601855,-1.0,28.389999
1.462718,1.8551549999999999,-0.107028,-1.268052,-1.268052,1.83375,1.262933,0.07610900000000001,-0.410275,-0.7149479999999999,-1.1594719999999998,-1.0,28.030001000000002
0.391598,1.245995,-1.9223919999999999,0.214056,0.214056,1.253115,1.2246350000000001,0.22783899999999999,-0.6265569999999999,-0.897116,-1.244808,0.0,28.09
3.801593,4.561912,-0.57929,-1.673193,-1.673193,1.9840689999999999,2.657495,2.066136,1.006517,0.711079,0.529809,-1.0,27.620001000000002
0.787683,1.825994,-1.467956,1.122375,1.122375,0.293591,1.446473,0.8831600000000001,-0.09308999999999999,-0.36806300000000003,-0.467836,1.0,27.93
0.142349,1.281139,-1.3879,0.608665,0.608665,-0.519573,0.669039,0.26809,-0.42348800000000003,-0.77153,-0.9264530000000001,1.0,28.1
-0.5270560000000001,1.124385,-1.089248,1.281139,1.281139,-1.475755,-0.590302,-0.669946,-1.445889,-1.8271259999999998,-2.091825,1.0,28.459999
2.260495,2.691066,-0.322928,-2.073085,-2.073085,0.452099,1.252243,1.4998209999999998,0.877287,0.21671999999999997,-0.020332,-1.0,27.870001000000002
0.574094,0.82526,-2.296376,0.0,0.0,0.6315029999999999,0.850377,1.368257,1.0208110000000001,0.20667399999999997,-0.055016999999999996,0.0,27.870001000000002
1.083424,3.0697,-1.4084510000000001,-0.645856,-0.645856,1.112315,1.1375950000000001,1.921271,1.596244,0.8407370000000001,0.598291,-1.0,27.690001000000002
-1.472701,0.359195,-2.047414,0.541712,0.541712,0.380747,0.395115,1.199713,0.9985629999999999,0.481322,0.192768,0.0,27.84
0.433213,0.9025270000000001,-1.33574,-0.5028739999999999,-0.5028739999999999,0.33935,0.7833939999999999,1.537906,1.626354,1.074368,0.77858,-1.0,27.700001
-4.8955839999999995,0.239644,-5.717219999999999,5.451263,5.451263,-3.930161,-4.043136,-3.5718360000000002,-3.34988,-3.786375,-4.305603,1.0,29.209999
1.756198,1.756198,-1.515152,-0.581992,-0.581992,-2.561984,-2.992424,-2.995868,-2.677342,-2.951791,-3.6191459999999998,-1.0,29.040001
-0.376583,1.335159,-1.403629,0.585399,0.585399,-2.088326,-3.118795,-3.446308,-3.058884,-3.370079,-4.020313,1.0,29.209999
-0.841467,0.706833,-2.4570849999999997,1.711743,1.711743,-2.47728,-4.207337,-4.775048,-4.496802,-4.782228,-5.282172,1.0,29.709999
-0.502344,0.234427,-1.77495,0.50488,0.50488,-1.520429,-4.219692,-4.844831,-4.735432,-4.884126,-5.450994000000001,0.0,29.860001
-1.9344259999999998,0.688525,-2.262295,2.143336,2.143336,-2.740984,-5.367213,-6.314754,-6.422951,-6.498361,-7.003278999999999,1.0,30.5
1.2470510000000001,1.2807549999999999,-1.8874279999999999,-2.7213119999999997,-2.7213119999999997,0.404449,-2.1132459999999997,-3.233345,-3.690597,-3.7141900000000003,-4.109651,-1.0,29.67
1.17096,3.0444970000000002,-0.066912,0.74149,0.74149,0.12044200000000001,-2.097692,-3.5084199999999996,-4.202074,-4.187354,-4.620275,1.0,29.889999
-0.36557,0.166168,-2.259887,0.6691199999999999,0.6691199999999999,-0.292456,-2.000665,-3.7088730000000005,-4.556331,-4.620804,-5.036003,1.0,30.09
0.6393,1.4468370000000002,-1.379542,-1.229644,-1.229644,0.854643,-0.10094199999999999,-2.227456,-3.083782,-3.258412,-3.5542839999999996,-1.0,29.719998999999998
-0.733578,0.266756,-3.034345,0.908479,0.908479,-0.393464,-0.740247,-2.636434,-3.6395470000000003,-3.943981,-4.15583,1.0,29.99
1.273458,2.680965,-1.508043,-0.500167,-0.500167,0.22118000000000002,0.026810000000000004,-1.706881,-2.7831770000000002,-3.3471849999999996,-3.5154160000000005,-1.0,29.84
2.726959,5.384881,-0.966517,-2.91555,-2.91555,2.595789,2.947877,1.539524,0.315844,-0.408699,-0.5212289999999999,-1.0,28.969998999999998
1.842197,2.641641,-1.251303,-0.690369,-0.690369,2.39138,3.3368089999999997,2.460897,1.129649,0.336462,0.19464700000000001,-1.0,28.77
0.173671,1.667246,-0.7988890000000001,0.069517,0.069517,1.674192,2.893366,2.642121,1.116707,0.37235100000000004,0.167882,0.0,28.790001
1.553672,2.648305,-0.988701,-1.632511,-1.632511,2.182203,3.8312150000000003,4.136064,2.874294,2.070621,1.797316,-1.0,28.32
2.734797,3.130623,-0.86362,-1.8714689999999998,-1.8714689999999998,2.6556319999999998,5.134941,5.822238,4.821878,4.041742,3.594818,-1.0,27.790001
1.3177159999999999,2.855051,-0.29282600000000003,-1.691256,-1.691256,3.213763,6.002928,7.181552000000001,6.557467,5.742312999999999,5.207418,-1.0,27.32
-0.400875,0.655977,-0.9110790000000001,0.43923900000000005,0.43923900000000005,1.793003,4.573615,6.161322,6.018586,5.183673000000001,4.631924,0.0,27.440001000000002
-3.1690139999999998,0.070423,-3.380282,3.498542,3.498542,-1.9225349999999999,0.573944,2.2300470000000003,2.5580990000000003,1.619718,1.138498,1.0,28.4
0.284394,1.2442229999999999,-0.142197,-0.9507040000000001,-0.9507040000000001,-1.1162459999999998,0.878066,2.649603,3.350515,2.6320650000000003,2.113995,-1.0,28.129998999999998
-0.21306799999999998,0.53267,-2.166193,0.106648,0.106648,-0.958807,0.174006,2.1827650000000003,3.084162,2.56392,2.069129,0.0,28.16
3.931751,4.525223,-0.259644,-4.261364,-4.261364,3.182492,3.8872400000000003,6.006429,7.255192999999999,7.020772,6.492334,-1.0,26.959999
-0.518519,0.22222199999999998,-1.740741,0.148368,0.148368,2.703704,3.077778,5.0864199999999995,6.594444,6.737778,6.198765,0.0,27.0
0.0,0.22222199999999998,-1.037037,0.0,0.0,1.666667,2.414815,4.414815,6.064815,6.634074000000001,6.018518,0.0,27.0
0.111152,1.185624,-0.555761,-0.037037,-0.037037,0.8595780000000001,1.9599849999999999,3.712486,5.4538720000000005,6.344572,5.949117,0.0,26.99
1.273408,2.022472,-0.41198500000000005,-1.0744719999999999,-1.0744719999999999,0.8614229999999999,2.659176,4.054931,6.043071,7.149064,6.953808,-1.0,26.700001
0.45214799999999994,2.373775,-0.30143200000000003,-0.599251,-0.599251,1.1529770000000001,2.984175,4.071841,6.051243,7.392614999999999,7.454157,-1.0,26.540001
-0.11325,1.170253,-0.302001,-0.188395,-0.188395,0.958852,2.819932,3.6944760000000003,5.571914,7.1090979999999995,7.487102,0.0,26.49
1.419801,1.458173,-1.304682,-1.6232540000000002,-1.6232540000000002,1.9033,3.618572,4.707086,6.6116649999999995,8.29317,9.050908,-1.0,26.059998999999998
2.697342,3.5303449999999996,-0.357001,-3.261704,-3.261704,3.9270129999999996,5.953987000000001,7.415047,9.258231,11.105117,12.198863000000001,-1.0,25.209999
0.6387229999999999,1.756487,-0.199601,-0.6346689999999999,-0.6346689999999999,3.273453,5.389222,7.371923,9.0,11.077045,12.384564,-1.0,25.049999
-0.039667,0.357001,-1.428005,0.6387229999999999,0.6387229999999999,1.562872,4.02618,6.132487,7.562475,9.629512,11.142403999999999,1.0,25.209999
0.846433,1.53164,-0.282144,-1.5866719999999999,-1.5866719999999999,1.8460299999999998,4.8206370000000005,7.136907000000001,8.49859,10.545748,12.275964,-1.0,24.809998999999998
0.20145,0.5640609999999999,-1.007252,0.040306,0.040306,0.805802,3.9000809999999997,6.132152,7.655117,9.711523,11.553854,0.0,24.82
1.315249,2.096178,-0.328812,-1.974214,-1.974214,2.112618,4.899301,7.228387,9.003288000000001,10.990546,12.955199,-1.0,24.33
-0.737101,2.1294020000000002,-0.941851,0.36991399999999997,0.36991399999999997,1.2203110000000001,3.5790339999999996,5.812176,7.911548,9.693694,11.822277,0.0,24.42
0.694728,1.144258,-0.980793,0.20475,0.20475,0.40866399999999997,2.521455,4.917586,7.1087050000000005,8.73396,10.85547,0.0,24.469998999999998
-3.02792,0.314589,-3.7357449999999996,3.923171,3.923171,-2.8942189999999997,-1.7656310000000002,0.545288,2.670075,4.103815,6.059772,1.0,25.43
-1.16144,0.658149,-1.3162989999999999,1.572945,1.572945,-3.61595,-3.37592,-1.313718,0.5826560000000001,2.033295,3.915344,1.0,25.83
1.139937,1.5330190000000001,-0.668239,-1.5098719999999999,-1.5098719999999999,-1.265723,-1.804245,-0.207023,1.595912,3.144654,4.912212,-1.0,25.440001000000002
-0.9349430000000001,0.7012079999999999,-1.8698869999999999,0.9040879999999999,0.9040879999999999,-1.1764709999999998,-2.44254,-1.3686530000000001,0.200623,1.8901439999999998,3.4307230000000004,1.0,25.67
-0.777605,0.738725,-0.816485,0.19478,0.19478,-0.396579,-2.433904,-1.772939,-0.235225,1.443235,2.80845,0.0,25.719998999999998
0.35046700000000003,0.895639,-0.389408,-0.155521,-0.155521,-0.046729,-1.9431459999999998,-1.8302180000000001,-0.336838,1.3271030000000001,2.567497,0.0,25.68
-0.155763,2.063863,-0.155763,0.0,0.0,-0.163551,-1.608256,-1.928868,-0.593847,0.9034270000000001,2.163811,0.0,25.68
0.469117,1.368256,-0.43002299999999993,-0.389408,-0.389408,0.3362,-0.734949,-1.449049,-0.48084399999999994,0.8991399999999999,2.2061509999999998,0.0,25.58
3.357314,4.156675,-0.19984000000000002,-2.1892099999999997,-2.1892099999999997,2.06235,1.726619,0.748734,1.410871,2.6554759999999997,4.1247,-1.0,25.02
0.323363,1.253031,-0.525465,-1.119105,-1.119105,2.425222,2.987066,1.762328,2.194826,3.458367,4.955538,-1.0,24.74
-2.098179,0.039588,-2.098179,2.101859,2.101859,-0.015835,0.799683,-0.213777,-0.15241500000000002,1.053048,2.507258,1.0,25.26
0.27766799999999997,1.5866719999999999,-0.515668,-0.197941,-0.197941,-0.190401,0.7536689999999999,0.087267,-0.122967,0.969457,2.288774,0.0,25.209999
-1.3359530000000002,0.275049,-2.5933200000000003,0.952003,0.952003,-1.233792,-0.19253399999999998,-0.563196,-1.017682,-0.224754,0.97315,1.0,25.450001
2.3771150000000003,2.3771150000000003,-0.362611,-2.4754419999999997,-2.4754419999999997,1.112006,1.998388,2.068225,1.4484290000000002,2.004835,3.087564,-1.0,24.82
-0.72,0.4,-1.36,0.725222,0.725222,0.592,0.976,1.474667,0.676,1.024,2.084,1.0,25.0
-0.12057899999999999,1.808682,-1.085209,-0.48,-0.48,0.771704,1.1414790000000001,1.8167200000000001,1.175643,1.252412,2.292336,0.0,24.879998999999998
-0.755768,1.1137629999999998,-1.034208,1.045016,1.045016,-0.326173,-0.119332,0.5807479999999999,0.19292,0.058870000000000006,0.9878020000000001,1.0,25.139999
-0.904799,0.354052,-1.140834,1.1137629999999998,1.1137629999999998,-1.4476790000000002,-1.282455,-0.532389,-0.6963020000000001,-1.0102280000000001,-0.330448,1.0,25.42
2.135375,2.900886,-0.402901,-2.360346,-2.360346,0.93473,1.023368,1.643836,1.7848509999999997,1.345689,1.826484,-1.0,24.82
-1.543332,0.039573000000000004,-1.543332,1.8130540000000002,1.8130540000000002,-0.648991,-0.5658880000000001,-0.284923,0.13059,-0.449545,-0.154333,1.0,25.27
2.14228,2.546484,-0.04042,-2.0973490000000004,-2.0973490000000004,1.366209,1.354082,1.597952,2.136217,1.671787,1.7488549999999998,-1.0,24.74
-0.762134,1.002808,-0.762134,0.767987,0.767987,0.425191,0.469314,0.623078,1.177296,0.9145610000000001,0.8223020000000001,1.0,24.93
-0.079904,0.559329,-0.759089,0.401123,0.401123,-0.287655,-0.09988,0.074577,0.691171,0.623252,0.395525,0.0,25.030001000000002
0.039952,0.838993,-0.5193770000000001,0.0,0.0,-0.11985599999999999,-0.015981,0.07724099999999999,0.5633239999999999,0.720735,0.392862,0.0,25.030001000000002
0.242718,0.52589,-0.283172,-1.238514,-1.238514,0.687702,1.124596,1.326861,1.622168,2.0242720000000003,1.58576,-1.0,24.719998999999998
0.20202,0.8888889999999999,-0.363636,0.121359,0.121359,0.5737369999999999,0.9494950000000001,1.066667,1.3111110000000001,1.790707,1.454545,0.0,24.75
0.040241000000000006,0.804829,-0.804829,0.40404,0.40404,0.104628,0.426559,0.56338,0.736418,1.2233399999999999,1.050302,0.0,24.85
-0.6394880000000001,0.19984000000000002,-1.438849,0.684105,0.684105,-0.583533,-0.415667,-0.234479,-0.059952,0.468425,0.455635,1.0,25.02
-0.398406,0.199203,-0.916335,0.31974400000000003,0.31974400000000003,-0.844622,-0.621514,-0.478088,-0.36255,0.057371000000000005,0.225764,0.0,25.1
0.239234,0.7974479999999999,-0.598086,-0.07968099999999999,-0.07968099999999999,-0.478469,-0.6180220000000001,-0.377459,-0.215311,0.035088,0.386762,0.0,25.08
0.8792969999999999,1.398881,-0.19984000000000002,-0.239234,-0.239234,-0.023981,-0.267786,-0.101252,-0.023981,0.169464,0.572875,0.0,25.02
1.258117,1.785714,-0.48701300000000003,-1.518785,-1.518785,1.3474030000000001,1.1525969999999999,1.3041129999999999,1.402192,1.545455,1.9629330000000003,-1.0,24.639999
0.5330050000000001,1.517015,-0.656007,-1.01461,-1.01461,1.869619,1.9270189999999998,2.060954,2.224272,2.3911439999999997,2.864562,-1.0,24.389999
2.57384,2.658228,-1.687764,-2.829028,-2.829028,3.654008,4.3333330000000005,4.717299,4.964135,5.149367,5.582278,-1.0,23.700001
-2.791461,0.164204,-3.2430209999999997,2.78481,2.78481,0.25451599999999996,1.3587850000000001,1.631089,1.988916,2.238095,2.5355779999999997,1.0,24.360001
-0.572597,0.40899800000000003,-0.8179960000000001,0.369458,0.369458,-0.5807770000000001,0.862986,1.177914,1.525562,1.729243,1.990457,0.0,24.450001
1.412547,1.8280020000000001,-0.249273,-1.554192,-1.554192,0.5151640000000001,2.131284,2.537045,2.906107,3.145825,3.377649,-1.0,24.07
0.66335,1.3681590000000001,-0.456053,0.207727,0.207727,0.082919,1.546435,2.072968,2.4233,2.711443,2.9615810000000002,0.0,24.120001000000002
-0.8220299999999999,0.24660900000000002,-1.2330459999999999,0.870647,0.870647,-0.26305,0.353473,1.000137,1.438553,1.7443490000000001,1.9783529999999998,1.0,24.33
-1.995211,0.43894700000000003,-2.8332,3.000411,3.000411,-2.609737,-2.577813,-1.8515560000000002,-1.55826,-1.2098959999999999,-0.9497209999999999,1.0,25.059998999999998
-0.517722,0.358423,-1.354042,0.199521,0.199521,-2.277977,-2.735962,-1.951414,-1.680605,-1.369972,-1.166866,0.0,25.110001
-0.12043399999999999,0.682457,-1.324769,-0.796495,-0.796495,-0.818948,-1.846648,-1.148133,-0.895223,-0.6150140000000001,-0.41348900000000005,-1.0,24.91
-0.808081,0.727273,-1.212121,-0.642312,-0.642312,0.331313,-1.066667,-0.5818180000000001,-0.311111,-0.080808,0.136027,-1.0,24.75
0.524828,1.009285,-0.8478,0.080808,0.080808,0.605571,-0.7145739999999999,-0.750908,-0.444086,-0.16956,0.048445999999999996,0.0,24.77
0.5670310000000001,0.607533,-0.445525,-0.322971,-0.322971,0.631835,-0.259214,-0.534629,-0.127582,0.059942999999999996,0.330768,0.0,24.690001000000002
1.446281,2.644628,-0.24793400000000002,-1.984609,-1.984609,1.917355,1.657025,1.253443,1.780992,1.996694,2.268595,-1.0,24.200001
-6.568833000000001,0.349406,-6.708595,18.264463,18.264463,-11.229909,-12.45283,-13.45679,-13.279176000000001,-13.239692999999999,-13.120195,1.0,28.620001000000002
2.495479,2.495479,-1.2296559999999999,-3.3892379999999998,-3.3892379999999998,-6.018083,-8.104882,-9.63472,-9.761302,-9.816998,-9.803496,-1.0,27.65
0.47050299999999995,1.230546,-0.506696,-0.07233300000000001,-0.07233300000000001,-3.8798410000000003,-6.844010000000001,-8.621064,-9.238147,-9.375316999999999,-9.399203,0.0,27.629998999999998
0.9904620000000001,1.210565,-0.22010300000000002,-1.339124,-1.339124,-0.689655,-4.7725610000000005,-6.671558,-7.606383,-7.7725610000000005,-7.926143,-1.0,27.26
-1.633394,0.036298000000000004,-1.99637,1.0638299999999998,1.0638299999999998,0.696915,-4.889292,-6.903811,-8.119782,-8.336843,-8.555354,1.0,27.549999
-1.393355,0.32154299999999997,-2.000715,1.5970959999999998,1.5970959999999998,-1.336192,-5.2840300000000004,-7.433607,-8.965702,-9.329046,-9.628439,1.0,27.99
0.8676790000000001,1.0845989999999999,-0.253073,-1.178993,-1.178993,-0.151844,-3.1019520000000003,-5.476018,-7.2885029999999995,-7.8655100000000004,-8.233309,-1.0,27.66
0.8403360000000001,1.5710629999999999,-0.073073,-1.048445,-1.048445,0.716113,-1.12532,-3.7340150000000003,-5.635733,-6.557544999999999,-6.976008,-1.0,27.370001000000002
0.366569,0.733138,-1.5762459999999998,-0.328827,-0.328827,1.06305,0.150293,-2.8739,-4.789223000000001,-5.926686,-6.356305,0.0,27.280001000000002
-2.105263,1.23412,-2.105263,0.9897360000000001,0.9897360000000001,0.072595,0.384755,-3.23533,-5.159708999999999,-6.481307,-6.935269,1.0,27.549999
-1.1673149999999999,0.7782100000000001,-1.627167,2.61343,2.61343,-2.278033,-2.29572,-4.90744,-6.832331,-8.349487,-8.902252,1.0,28.27
0.28571399999999997,1.0,-0.571429,-0.955076,-0.955076,-1.092857,-1.2285709999999999,-3.2166669999999997,-5.241071,-6.95,-7.669047999999999,-1.0,28.0
-0.8868389999999999,0.106421,-1.2770489999999999,0.678571,0.678571,-1.1777229999999999,-1.6956369999999998,-3.060187,-5.195105,-6.94005,-7.925978999999999,1.0,28.190001000000002
0.10733499999999999,0.500894,-0.8944540000000001,-0.851366,-0.851366,0.150268,-0.604651,-1.450209,-3.864043,-5.627192,-6.793083,-1.0,27.950001
-0.462963,0.178063,-1.317664,0.465116,0.465116,0.064103,-0.8760680000000001,-0.9852799999999999,-3.780271,-5.547009,-6.861349000000001,0.0,28.08
-0.31914899999999996,0.567376,-0.8510639999999999,0.42735,0.42735,-0.41134799999999994,-1.2234040000000002,-1.50591,-3.606383,-5.363121,-6.836879,0.0,28.200001
-1.333801,0.4914,-1.439101,1.028369,1.028369,-1.081081,-1.9375220000000002,-2.311922,-3.931204,-5.712882,-7.305486999999999,1.0,28.49
-0.176866,0.813583,-0.318359,-0.772201,-0.772201,-0.254687,-0.856031,-1.400778,-2.564556,-4.4216489999999995,-6.045278,-1.0,28.27
0.68076,1.0390540000000001,-0.286636,-1.273435,-1.273435,1.003225,0.648513,0.026275,-0.730921,-2.780365,-4.409411,-1.0,27.91
0.469314,0.830325,-0.32491,-0.752418,-0.752418,1.494585,1.4657040000000001,0.8206979999999999,0.6534300000000001,-1.669314,-3.293622,-1.0,27.700001
0.47169799999999995,1.342525,-0.507983,-0.505415,-0.505415,1.545718,1.723512,1.228834,0.972424,-0.785196,-2.380261,-1.0,27.559998999999998
-2.061123,0.071073,-2.09666,2.104499,2.104499,-0.79602,-0.323383,-0.7439,-1.021677,-2.348259,-3.9161339999999996,1.0,28.139999
0.571429,0.8214290000000001,-1.035714,-0.497512,-0.497512,-0.492857,0.107143,-0.09761900000000001,-0.460714,-1.398571,-2.9988099999999998,0.0,28.0
0.644238,0.8231930000000001,-0.71582,-0.214286,-0.214286,-0.257695,0.31854,0.274398,-0.12526800000000002,-0.721546,-2.44691,0.0,27.940001000000002
-0.10710499999999999,0.392717,-0.8568370000000001,0.250537,0.250537,-0.285612,0.042842,0.133286,-0.29275300000000004,-0.425562,-2.345591,0.0,28.01
0.174825,1.328671,-0.9440559999999999,2.10639,2.10639,-1.615385,-1.8811189999999998,-1.855478,-2.243007,-2.4825169999999996,-3.9300699999999997,1.0,28.6
0.774921,1.3384989999999999,-0.49313100000000004,-0.734266,-0.734266,-0.711518,-1.19056,-1.037924,-1.391335,-1.656922,-2.792063,-1.0,28.389999
-0.41928699999999997,0.139762,-1.118099,0.810144,0.810144,-1.076171,-1.862334,-1.733054,-1.965409,-2.308875,-3.124854,1.0,28.620001000000002
1.7537580000000002,2.290623,-0.071582,-2.375961,-2.375961,1.331424,0.5368649999999999,0.6561680000000001,0.538654,0.16607,-0.379384,-1.0,27.940001000000002
1.8861080000000001,2.321364,-0.21762800000000002,-1.324266,-1.324266,2.372144,1.838955,1.88369,1.8915490000000001,1.513239,1.36501,-1.0,27.57
0.983607,1.712204,-0.364299,-0.43525600000000003,-0.43525600000000003,1.981785,2.24408,2.146934,2.187614,1.878324,1.666059,0.0,27.450001
-0.10948900000000002,0.8394159999999999,-0.47445299999999996,-0.182149,-0.182149,1.4452559999999999,2.160584,2.068126,2.264599,2.026277,1.8211680000000001,0.0,27.4
-0.728332,0.43699899999999997,-1.274581,0.21897800000000003,0.21897800000000003,0.378733,1.7407139999999999,1.6484580000000002,1.9082299999999999,1.81646,1.5780530000000002,0.0,27.459999
-0.362188,0.398406,-1.992032,0.546249,0.546249,-0.40565,1.068453,1.023784,1.29301,1.3111190000000001,1.068453,0.0,27.610001
0.587156,1.247706,-0.880734,-1.303875,-1.303875,0.675229,2.124771,2.248318,2.478899,2.605505,2.366972,-1.0,27.25
-0.684932,0.576784,-0.8291280000000001,1.7981650000000002,1.7981650000000002,-0.894016,0.010815,0.48546000000000006,0.585797,0.716655,0.5287189999999999,1.0,27.74
-0.9200280000000001,0.2477,-1.663128,1.8745490000000002,1.8745490000000002,-2.108988,-1.8754419999999998,-1.335221,-1.305732,-1.099788,-1.2502950000000002,1.0,28.26
-1.213172,0.0,-1.421144,2.087757,2.087757,-3.1473139999999997,-3.802426,-3.156557,-3.22357,-3.0308490000000003,-3.0987869999999997,1.0,28.85
-1.2956020000000001,0.06819,-2.113877,1.663778,1.663778,-3.5594949999999996,-4.902830000000001,-4.425503,-4.565291,-4.429594,-4.451642,1.0,29.33
-0.340599,0.510899,-0.613079,0.102284,0.102284,-2.220708,-4.390327,-4.216621,-4.380109,-4.352861,-4.3437790000000005,0.0,29.360001
-1.8363939999999999,0.133556,-2.2036729999999998,2.009537,2.009537,-2.671118,-5.439065,-5.803005000000001,-5.864775,-6.0033389999999995,-6.041180000000001,1.0,29.950001
-3.59666,0.5780350000000001,-3.885678,3.973289,3.973289,-4.540783,-7.851638,-8.813958,-8.980411,-9.254977,-9.295653999999999,1.0,31.139999
-0.574163,0.606061,-1.116427,0.674374,0.674374,-3.5853269999999995,-7.22807,-8.844232,-9.055821,-9.469856,-9.567250999999999,1.0,31.35
-0.703775,0.991683,-0.767754,-0.287081,-0.287081,-2.072937,-5.793346,-7.873747,-8.262955999999999,-8.78055,-8.953935000000001,0.0,31.26
-1.111464,0.19053699999999998,-1.492537,0.735765,0.735765,-1.435376,-5.134964,-7.716735000000001,-8.380438,-8.965385000000001,-9.257964999999999,1.0,31.49
1.091143,1.7971759999999999,-0.064185,-1.047952,-1.047952,0.38510900000000003,-3.032734,-5.945657,-6.999358,-7.539153,-7.980316999999999,-1.0,31.16
-0.6685770000000001,0.891436,-0.923273,0.802311,0.802311,-0.241961,-2.801656,-5.84315,-7.258835,-7.858644,-8.402844,1.0,31.41
1.52945,2.147738,-0.65083,-2.164916,-2.164916,1.561992,-0.03905,-3.050222,-4.863326,-5.464367,-6.109122,-1.0,30.73
-1.491117,0.095178,-2.220812,2.570778,2.570778,-0.8185279999999999,-1.849619,-4.65313,-6.679886,-7.379442,-8.080584,1.0,31.52
-0.381801,0.668151,-0.699968,-0.285533,-0.285533,-0.572701,-0.909959,-3.493478,-5.7986,-6.678969,-7.421784,0.0,31.43
-1.634706,1.13172,-2.389186,1.209036,1.209036,-1.351776,-1.508959,-3.7933559999999997,-6.2386040000000005,-7.390128999999999,-8.082364,1.0,31.809998999999998
1.0133,1.329956,-0.22165900000000002,-0.723043,-0.723043,-0.525649,-0.652312,-2.391809,-4.89392,-6.31159,-7.0498199999999995,-1.0,31.58
0.191144,0.605288,-1.019433,-0.601647,-0.601647,0.49697399999999997,-0.038229,-1.261548,-3.6922589999999995,-5.391526,-6.127217,-1.0,31.389999
-0.06363300000000001,1.145402,-0.286351,0.127429,0.127429,0.31180399999999997,-0.11135899999999999,-0.941775,-3.207127,-5.067769999999999,-5.876551,0.0,31.43
-0.659341,2.700157,-0.659341,1.336303,1.336303,-0.747253,-1.315542,-1.726845,-3.7613809999999996,-5.782104,-6.715856,1.0,31.85
1.458465,2.2828150000000003,-0.412175,-0.9733120000000001,-0.9733120000000001,0.05707,-0.225111,-0.424857,-2.213063,-4.337349,-5.488269,-1.0,31.540001
-0.222505,0.095359,-1.176097,-0.253646,-0.253646,0.235219,0.044501,-0.10383599999999998,-1.455817,-3.5778769999999995,-4.9226529999999995,0.0,31.459999
1.9715580000000001,3.167421,-0.258565,-1.652893,-1.652893,1.628959,1.7937939999999999,1.4867489999999999,0.538138,-1.507434,-3.074768,-1.0,30.940001000000002
-4.543969000000001,2.615234,-4.8708730000000005,-1.131222,-1.131222,2.242563,2.654462,2.501907,1.89441,0.009153,-1.6770189999999998,-1.0,30.59
-0.29742199999999996,0.29742199999999996,-2.544613,-1.078784,-1.078784,2.306675,3.38731,3.348755,3.154329,1.497687,-0.308438,-1.0,30.26
0.895819,1.2276049999999998,-0.49767799999999995,-0.396563,-0.396563,1.785003,3.244857,3.534616,3.59655,2.2203049999999998,0.385977,0.0,30.139999
-2.083333,0.94401,-2.34375,1.924353,1.924353,-0.61849,1.015625,1.430122,1.572266,0.610677,-1.149089,1.0,30.719998999999998
-3.165559,0.316556,-4.30516,2.832031,2.832031,-2.94397,-1.703071,-1.181809,-1.187085,-1.813232,-3.435686,1.0,31.59
1.414336,1.6072,-0.22500799999999999,-1.519468,-1.519468,-1.112183,-0.289296,0.25500900000000004,0.313404,-0.06943099999999999,-1.57077,-1.0,31.110001
2.3393740000000003,2.5041189999999998,-0.098847,-2.442944,-2.442944,1.423394,1.713344,2.5282810000000002,2.637562,2.563427,1.2344870000000001,-1.0,30.35
2.8250509999999998,2.9952349999999996,-0.136147,-3.196046,-3.196046,4.254595,4.336283,5.361924,5.723281,5.872022,4.762877,-1.0,29.379998999999998
0.24238200000000001,2.3891970000000002,-1.385042,-1.7018380000000002,-1.7018380000000002,4.785318,5.249308,6.562788,7.115651,7.391967,6.6482,-1.0,28.879998999999998
-8.012936,1.0779729999999998,-10.13295,-3.635734,-3.635734,6.036651,8.102767,9.730507000000001,10.636004,10.937837,10.549767,-1.0,27.83
3.727832,3.9087949999999996,-0.036193,-0.718649,-0.718649,4.285197,7.813969999999999,9.607914,10.732899,11.215345,11.144891000000001,-1.0,27.629998999999998
-0.742049,0.388693,-3.4628980000000005,2.4249009999999998,2.4249009999999998,0.367491,4.568904,6.176679,7.558304,8.131449,8.388693,1.0,28.299999
-1.002766,0.10373399999999999,-2.869986,2.190813,2.190813,-2.1023509999999996,1.905256,3.29645,4.752766,5.503458,5.946289,1.0,28.92
-3.357958,0.201477,-3.5258559999999997,2.973721,2.973721,-4.32505,-1.353257,-0.062682,1.425453,2.237743,2.734497,1.0,29.780001000000002
1.270168,1.7507720000000002,-0.8582219999999999,-2.182673,-2.182673,-1.297631,0.003433,1.753061,3.300721,4.299348,4.772857,-1.0,29.129998999999998
0.529101,2.610229,-0.670194,-2.677652,-2.677652,1.9259259999999998,1.781305,4.025867,5.599647,6.721692999999999,7.313345,-1.0,28.35
-0.208986,1.044932,-2.229188,1.269841,1.269841,0.933473,-0.066179,2.3615470000000003,3.7286660000000005,5.004528,5.644955,1.0,28.709999
0.557491,1.045296,-1.463415,-0.034831,-0.034831,0.815331,-0.268293,2.062718,3.270035,4.607666,5.396051,0.0,28.700001
-0.35149400000000003,0.984183,-0.913884,-0.87108,-0.87108,0.766257,0.456942,2.427651,3.648506,5.086819,5.975395,-1.0,28.450001
-2.298851,0.20284000000000002,-3.346856,3.97188,3.97188,-2.778905,-2.789047,-1.938247,-0.540906,0.827586,1.7973860000000002,1.0,29.58
2.163461,2.815934,-0.240385,-1.555105,-1.555105,-0.714286,-0.741758,-0.84478,0.777816,2.103022,3.130723,-1.0,29.120001000000002
-0.274443,0.754717,-0.9262440000000001,0.103022,0.103022,-0.51458,-0.552316,-1.2212690000000002,0.483705,1.6274440000000001,2.763865,0.0,29.15
-2.398903,0.0,-3.187114,0.10291600000000001,0.10291600000000001,-0.28786799999999996,-0.5654560000000001,-1.368517,0.215901,1.199452,2.3577790000000003,0.0,29.18
0.9986229999999999,1.033058,-1.205234,-0.479781,-0.479781,0.599174,-0.340909,-0.85629,0.40978000000000003,1.3539940000000001,2.559688,0.0,29.040001
-1.1190229999999999,0.440827,-1.525941,1.549587,1.549587,-0.996948,-1.739573,-1.993896,-1.478467,-0.389284,0.779925,1.0,29.49
0.033921,0.644505,-1.153324,-0.03391,-0.03391,-0.719132,-1.3229309999999999,-1.542289,-1.7215060000000002,-0.5061060000000001,0.593623,0.0,29.48
-0.507786,0.84631,-0.98172,0.203528,0.203528,-0.656737,-1.242383,-1.462424,-2.058226,-0.805687,0.128639,0.0,29.540001
-1.185235,1.5577379999999998,-1.388419,-0.033852,-0.033852,-0.386048,-0.9278700000000001,-1.291342,-1.9996610000000001,-0.8547239999999999,-0.064341,0.0,29.530001000000002
-0.7350479999999999,0.634815,-0.935516,1.354555,1.354555,-1.122619,-1.757434,-2.577124,-3.133979,-2.285332,-1.570331,1.0,29.93
-0.40431300000000003,1.617251,-1.381402,-0.835282,-0.835282,-0.161725,-0.896226,-1.632974,-2.006402,-1.7196759999999998,-0.882749,-1.0,29.68
-0.267917,0.602813,-1.105157,0.6064689999999999,0.6064689999999999,-0.509042,-1.245814,-1.888814,-2.223711,-2.479571,-1.561733,1.0,29.860001
-0.972828,1.140557,-1.207648,-0.167448,-0.167448,-0.16102,-0.858772,-1.478251,-1.806441,-2.38846,-1.446942,0.0,29.809998999999998
-0.033267000000000005,1.696607,-1.064538,0.8386450000000001,0.8386450000000001,-0.6387229999999999,-1.390552,-1.9960080000000002,-2.433466,-3.1097810000000004,-2.275449,1.0,30.059998999999998
5.057956,5.6902,-1.194239,-5.289421,-5.289421,3.8847910000000003,3.916403,3.4820279999999997,2.785388,2.2437650000000002,2.918862,-1.0,28.469998999999998
1.501609,1.894887,-1.0010729999999999,-1.7562349999999998,-1.7562349999999998,4.519128,5.2306040000000005,4.9481589999999995,4.415445,4.091526999999999,4.327255,-1.0,27.969998999999998
-2.19283,0.139227,-3.063,2.717197,2.717197,0.9676299999999999,2.185869,2.081448,1.719457,1.491124,1.291333,1.0,28.73
0.0,1.226349,-2.277505,-0.66133,-0.66133,0.749825,2.515767,2.618547,2.366853,2.2004200000000003,1.7542630000000001,-1.0,28.540001
-3.776795,0.0,-4.933651,2.9782759999999997,2.9782759999999997,-2.619939,-0.49676800000000004,-0.30169,-0.47635299999999997,-0.691392,-1.1874790000000002,1.0,29.389999
-2.754098,0.229508,-3.6393440000000004,3.776795,3.776795,-4.832787000000001,-3.9311480000000003,-3.610929,-3.7622949999999995,-4.211147,-4.606557,1.0,30.5
2.562374,2.899528,-0.404585,-2.754098,-2.754098,-0.997977,-1.217127,-0.842886,-1.023264,-1.4268370000000001,-1.6992580000000002,-1.0,29.66
0.335796,0.402955,-2.3841509999999997,0.404585,0.404585,-0.691739,-1.6420419999999998,-1.1752850000000001,-1.311283,-1.631968,-1.854712,0.0,29.780001000000002
0.268998,0.6388699999999999,-2.05111,-0.134318,-0.134318,0.248823,-1.533288,-0.997534,-1.0793540000000001,-1.36113,-1.561309,0.0,29.74
-0.334113,0.9021049999999999,-1.135984,0.6388699999999999,0.6388699999999999,-0.026729000000000003,-2.201804,-1.5369190000000001,-1.582025,-1.82292,-2.073728,1.0,29.93
-2.317989,0.587659,-3.003591,2.33879,2.33879,-2.226575,-3.731636,-3.634781,-3.5716620000000003,-3.781913,-4.219175,1.0,30.629998999999998
-1.1393229999999999,0.6835939999999999,-1.432292,0.29383000000000004,0.29383000000000004,-1.822917,-3.11849,-3.6914059999999997,-3.653971,-3.915365,-4.327257,0.0,30.719998999999998
0.032489,1.4295,-0.357375,0.19531199999999999,0.19531199999999999,-1.364522,-2.641325,-3.679879,-3.630604,-3.88694,-4.250596,0.0,30.780001000000002
-3.167137,0.062716,-3.5120730000000004,3.606238,3.606238,-3.449357,-4.979618,-6.59768,-6.616494,-6.88868,-7.250967,1.0,31.889999
1.012979,1.234568,-1.171257,-0.940734,-0.940734,-1.481481,-3.380817,-5.3877809999999995,-5.403608999999999,-5.699272000000001,-6.0652099999999995,-1.0,31.59
0.031867,1.1472280000000001,-1.179095,-0.664767,-0.664767,-0.344168,-2.453792,-4.136393,-4.539515,-4.7699169999999995,-5.125344999999999,-1.0,31.379998999999998
-1.76378,0.692913,-2.047244,1.179095,1.179095,-0.856693,-2.932283,-4.459843,-5.325984,-5.594961,-6.00315,1.0,31.75
0.503778,1.070529,-0.472292,0.031495999999999996,0.031495999999999996,-0.270781,-2.3394209999999998,-3.853904,-5.056675,-5.337532,-5.755668,0.0,31.76
-1.6178270000000001,0.457875,-2.625153,3.148615,3.148615,-2.7838830000000003,-4.398657,-5.929996,-7.504579,-7.833944,-8.265161,1.0,32.759997999999996
-1.195457,0.328751,-1.972504,2.136752,2.136752,-3.6999400000000002,-5.343694,-7.0870690000000005,-8.931561,-9.29229,-9.75792,1.0,33.459998999999996
0.180018,0.90009,-0.450045,-0.388524,-0.388524,-2.154215,-4.164416,-6.158616,-7.847285,-8.530453,-8.976897,0.0,33.330002
0.452625,1.569101,-0.331925,-0.5700569999999999,-0.5700569999999999,-0.754375,-2.884732,-4.920539,-6.538926,-7.588413,-8.08791,-1.0,33.139998999999996
-0.47775500000000004,1.224246,-1.522843,1.0561260000000001,1.0561260000000001,-0.7584350000000001,-3.090475,-5.175674,-6.805016999999999,-8.120633,-8.649348,1.0,33.490002000000004
0.482509,2.141134,-0.18094100000000002,-0.985369,-0.985369,0.47044600000000003,-1.743064,-3.544431,-5.180941000000001,-6.802171,-7.3763570000000005,-1.0,33.16
-0.361446,3.584337,-1.144578,0.120627,0.120627,0.192771,-1.376506,-3.004016,-4.721385,-6.536144999999999,-7.119478,0.0,33.200001
-1.3670129999999998,1.248143,-1.9613669999999999,1.355422,1.355422,-0.956909,-2.020802,-3.7028230000000004,-5.527489,-7.170282,-7.993066000000001,1.0,33.650002
-0.678066,0.825472,-2.417453,0.802377,0.802377,-1.285377,-2.160967,-3.8404089999999997,-5.651533000000001,-7.207547,-8.308765,1.0,33.919998
0.235087,0.49955900000000003,-1.116662,0.324292,0.324292,-1.2871,-1.810168,-3.5145459999999997,-5.33206,-6.884514,-8.19669,0.0,34.029999
2.965204,3.7518910000000005,-0.24205700000000002,-2.879812,-2.879812,1.573374,1.189107,-0.419566,-2.024206,-3.57761,-5.147755999999999,-1.0,33.049999
2.339181,8.187135000000001,-0.146199,3.4795760000000002,3.4795760000000002,-1.25731,-1.9970759999999999,-3.259259,-4.694445,-6.2573099999999995,-7.933723,1.0,34.200001
2.8207459999999998,6.490749,-0.940249,-3.5964910000000003,-3.5964910000000003,2.013952,1.549894,0.671317,-0.784046,-2.460418,-4.04408,-1.0,32.970001
0.212637,0.8201700000000001,-1.09356,-0.151653,-0.151653,1.561361,1.6373030000000002,1.061158,-0.29921,-1.9161599999999999,-3.397124,0.0,32.919998
0.212637,1.1239370000000002,-0.9720530000000001,0.0,0.0,0.886999,1.464156,1.296071,0.02582,-1.534629,-2.9728630000000003,0.0,32.919998
-1.0596430000000001,1.271571,-1.7559790000000002,0.33414299999999997,0.33414299999999997,0.538904,1.086891,1.01322,-0.134726,-1.464123,-2.84287,0.0,33.029999
-1.2379229999999999,1.056763,-1.8417869999999998,0.27248,0.27248,-0.386473,0.788043,0.6702899999999999,-0.175121,-1.346618,-2.731482,0.0,33.119999
-0.927033,0.14952200000000002,-3.528708,0.966184,0.966184,-1.058612,-0.239234,-0.27113200000000004,-0.822368,-1.954545,-3.369219,1.0,33.439999
-2.270742,0.815138,-3.056769,2.721292,2.721292,-2.847162,-2.756914,-2.678312,-3.071325,-4.129258,-5.474042,1.0,34.349998
-0.779446,0.17321,-3.262125,0.84425,0.84425,-2.667437,-3.3949190000000002,-3.271748,-3.4670900000000002,-4.486143,-5.797729,1.0,34.639998999999996
0.750794,1.068438,-0.43315,-0.028868,-0.028868,-1.7152759999999998,-2.910771,-2.960824,-3.1692169999999997,-4.142073,-5.299836,0.0,34.630001
-2.52809,0.42134799999999994,-4.044944,2.801039,2.801039,-3.0,-5.162921,-5.155431,-5.507022,-6.303371,-7.349251,1.0,35.599998
1.403609,2.549413,-0.458321,-1.938202,-1.938202,-0.240619,-2.732741,-3.0401990000000003,-3.413062,-4.046978,-5.109329,-1.0,34.91
-0.11524100000000001,0.259291,-0.921925,-0.572902,-0.572902,0.5416310000000001,-1.6565830000000001,-2.32978,-2.630366,-3.152982,-4.179391000000001,-1.0,34.709998999999996
-2.133633,0.196519,-2.302078,2.621723,2.621723,-1.476699,-3.4110050000000003,-4.527419,-4.818922,-5.193711,-6.174434,1.0,35.619999
-0.336229,0.224152,-0.9526479999999999,0.196519,0.196519,-1.0759319999999999,-2.855141,-4.2215370000000005,-4.6511629999999995,-5.051275,-6.003549,0.0,35.689999
1.187447,1.526718,-0.45236099999999996,-0.89661,-0.89661,-0.310998,-1.340119,-3.1344830000000004,-3.481764,-3.9762510000000004,-4.796908999999999,-1.0,35.369999
-1.611559,0.138927,-1.611559,1.752898,1.752898,-1.428174,-2.331203,-4.243772,-4.819394,-5.334815,-6.010003,1.0,35.990002000000004
0.27870700000000004,0.752508,-0.41806000000000004,-0.30564,-0.30564,-0.47380200000000006,-1.605351,-3.4002230000000004,-4.254459,-4.73913,-5.338164,0.0,35.880001
0.78256,1.648966,-0.503074,-0.27870700000000004,-0.27870700000000004,-0.106205,-1.011738,-2.597354,-3.742314,-4.216881,-4.6990870000000005,0.0,35.779999
-1.7539049999999998,0.63031,-1.83612,1.9843490000000001,1.9843490000000001,-1.6114,-2.4280619999999997,-3.860418,-5.143875,-5.715539,-6.212661,1.0,36.490002000000004
1.1631129999999998,1.301579,-0.387704,-1.041381,-1.041381,-0.166159,-1.260039,-2.2966860000000002,-3.881196,-4.400997,-4.981076,-1.0,36.110001000000004
-1.6,0.275862,-1.793103,0.387704,0.387704,-0.40827600000000003,-1.271724,-2.157241,-3.8,-4.4833099999999995,-5.07954,0.0,36.25
1.601573,2.079236,-0.646249,-1.8206900000000001,-1.8206900000000001,1.275639,0.8064060000000001,-0.110518,-1.6409099999999999,-2.524305,-3.089819,-1.0,35.59
0.31055900000000003,1.07284,-0.903444,-0.477662,-0.477662,1.558442,1.233766,0.515716,-0.815923,-1.8994919999999997,-2.443064,0.0,35.419998
-0.714082,1.285347,-0.999714,-1.157538,-1.157538,1.9023139999999998,2.225079,1.76521,0.6283920000000001,-0.5267069999999999,-1.124441,-1.0,35.009997999999996
-0.511509,0.426257,-1.079852,0.514139,0.514139,0.8581979999999999,1.6510369999999999,1.166998,0.40778600000000004,-0.922989,-1.441697,0.0,35.189999
-1.7222220000000001,0.333333,-1.888889,2.30179,2.30179,-1.55,-0.633333,-0.907407,-1.495833,-2.815556,-3.441667,1.0,36.0
0.19321,0.8832459999999999,-2.0701080000000003,0.638889,0.638889,-1.821695,-1.167541,-1.256785,-1.8617169999999998,-3.067071,-3.8421199999999995,1.0,36.23
1.757322,3.0404459999999998,0.0,-1.0488549999999999,-1.0488549999999999,-0.541144,-0.100418,-0.167364,-0.65272,-1.7126919999999999,-2.65365,-1.0,35.849998
2.7042580000000003,2.963176,-0.057537,-3.0404459999999998,-3.0404459999999998,2.4338319999999998,2.534523,2.78481,2.4813,1.56847,0.562908,-1.0,34.759997999999996
0.942857,1.8,-1.885714,0.690449,0.690449,1.622857,1.514286,2.0095240000000003,1.692857,1.086857,-0.050476,1.0,35.0
-0.538701,0.567054,-1.757868,0.771429,0.771429,0.430961,0.45931400000000006,1.092524,0.96541,0.520556,-0.598242,1.0,35.27
-0.22503499999999999,0.168776,-1.434599,0.793876,0.793876,-0.7426159999999999,-0.343179,0.23441199999999998,0.288326,-0.13614600000000002,-1.134552,1.0,35.549999
-0.44767799999999996,0.643537,-1.454952,0.534459,0.534459,-1.331841,-0.783436,-0.305913,-0.22803600000000002,-0.543928,-1.397127,0.0,35.740002000000004
-0.195749,0.0,-1.7617450000000001,0.05596,0.05596,-0.8277399999999999,-0.629195,-0.497763,-0.274049,-0.473154,-1.1978,0.0,35.759997999999996
0.474463,1.507117,-1.255931,0.195749,0.195749,-0.558191,-0.6447109999999999,-0.744255,-0.40468899999999997,-0.6419199999999999,-1.138711,0.0,35.830002
0.9011549999999999,1.5206979999999999,-0.225289,-0.893106,-0.893106,0.473106,0.11264400000000001,0.011264,0.42523199999999994,0.321036,-0.053506,-1.0,35.509997999999996
1.1481059999999998,1.8943740000000002,-0.172216,-1.8867919999999998,-1.8867919999999998,1.9977040000000001,1.6389209999999999,1.791045,2.207233,2.265212,1.9154229999999999,-1.0,34.84
-0.35118499999999997,1.697395,-1.609599,-1.9230770000000001,-1.9230770000000001,3.0787240000000002,3.140182,3.543069,3.97571,4.1006730000000005,3.867915,-1.0,34.169998
-1.1223020000000001,0.9496399999999999,-1.6978419999999999,1.697395,1.697395,0.776978,1.415827,1.764988,1.989928,2.2549639999999997,2.145803,1.0,34.75
0.6174649999999999,2.0288150000000003,-1.352543,-2.129496,-2.129496,1.899441,3.331373,3.7479169999999997,3.900323,4.319906,4.212487,-1.0,34.009997999999996
2.806909,3.701419,-0.030844999999999997,-4.675096,-4.675096,4.990746,7.52005,8.099938,8.405305,8.995682,9.067447999999999,-1.0,32.419998
0.680272,2.504638,-0.154607,-0.246761,-0.246761,3.704391,6.793444999999999,7.56545,8.170996,8.827458,9.092971,0.0,32.34
-0.549283,0.48825100000000005,-1.28166,1.329623,1.329623,1.489167,4.48581,5.527413,6.347269,7.032042,7.371580000000001,1.0,32.77
-2.260559,0.32718600000000003,-2.260559,2.593836,2.593836,-1.748959,1.2076149999999999,2.633353,3.451814,3.9845330000000003,4.451715,1.0,33.619999
4.092308,4.184616,-0.184615,-3.33135,-3.33135,0.707692,3.6707690000000004,5.657436,6.603077000000001,7.123692999999999,7.756923,-1.0,32.5
-0.244723,0.45885600000000004,-2.906087,0.584615,0.584615,0.28755,2.205567,4.517181,5.4772099999999995,6.0654639999999995,6.7941270000000005,1.0,32.689999
-2.977287,0.705955,-3.100061,-0.336494,-0.336494,0.7734810000000001,1.8569669999999998,4.262329,5.273174,6.054021,6.8170660000000005,0.0,32.580002
0.6769229999999999,1.9692310000000002,-2.123077,-0.245549,-0.245549,0.8553850000000001,1.5938459999999999,3.8543589999999996,5.016923,5.955692,6.743589999999999,0.0,32.5
-2.0539549999999998,1.2568979999999998,-3.862661,0.369231,0.369231,-0.128755,0.567137,2.8305740000000004,4.302575,5.272839,5.955447,0.0,32.619999
-0.24264499999999997,0.8795879999999999,-1.789506,1.072961,1.072961,-0.903852,-0.815893,1.160651,2.887473,3.885957,4.513194,1.0,32.970001
-0.41629499999999997,0.356824,-1.5165030000000002,2.00182,2.00182,-2.289622,-2.402617,-1.197344,0.624442,1.565269,2.202399,1.0,33.630001
-0.208271,1.2793809999999999,-0.892591,-0.059471,-0.059471,-1.618566,-1.966677,-1.382525,0.395716,1.313895,2.0668450000000003,0.0,33.610001000000004
-1.283922,0.26261999999999996,-1.955063,1.963701,1.963701,-2.4803040000000003,-3.416983,-3.2623290000000003,-1.752261,-0.82171,-0.010699,1.0,34.27
1.007706,2.43035,-0.355661,-1.546542,-1.546542,-0.284529,-1.8642560000000001,-1.942304,-0.508299,0.615293,1.434499,-1.0,33.740002000000004
1.130616,2.290985,-0.981851,-0.385299,-0.385299,0.48199899999999996,-1.154418,-1.642368,-0.453734,0.839036,1.6701380000000001,0.0,33.610001000000004
-3.4582129999999998,0.0,-4.063401,3.2430830000000004,3.2430830000000004,-2.0576369999999997,-3.6801150000000002,-4.293948,-3.697406,-2.3942360000000003,-1.6484150000000002,1.0,34.700001
-0.11554,1.068746,-0.953206,-0.230548,-0.230548,-1.247834,-2.868284,-3.6337379999999997,-3.506644,-2.276141,-1.57616,0.0,34.619999
2.691388,3.110048,-1.136364,-3.4084339999999997,-3.4084339999999997,1.740431,0.840311,-0.09968099999999999,-0.210825,0.8971290000000001,1.6566990000000001,-1.0,33.439999
2.254036,2.314956,-2.924155,-1.8241630000000002,-1.8241630000000002,3.076454,2.777947,1.596101,1.350899,2.4148650000000003,3.3495790000000003,-1.0,32.830002
2.622577,3.420753,-5.102623,6.853486999999999,6.853486999999999,-2.6966930000000002,-3.212657,-4.429874,-4.997148999999999,-4.239453,-3.27157,1.0,35.080002
5.032954,5.09287,-1.168364,-4.846066,-4.846066,1.467945,1.641702,0.575195,-0.014979,0.382265,1.465948,-1.0,33.380001
-2.200416,0.297354,-5.857865,0.748951,0.748951,0.12488800000000001,0.8920610000000001,0.035682,-0.566459,-0.50788,0.52136,1.0,33.630001
-3.621089,1.9409040000000002,-3.939745,2.646447,2.646447,-1.8308229999999999,-1.636732,-2.153341,-2.876593,-3.032445,-2.188103,1.0,34.52
0.9576319999999999,2.611724,-0.49332600000000004,-0.173812,-0.173812,-0.713871,-1.256529,-1.6270069999999999,-2.585607,-2.897272,-2.143548,0.0,34.459998999999996
-3.507271,0.855432,-4.790419,1.770168,1.770168,-2.446536,-2.5577419999999997,-2.938884,-3.9136010000000003,-4.465355000000001,-3.917879,1.0,35.07
2.900674,3.3694699999999997,-0.937592,-2.680354,-2.680354,0.679754,-0.04102,-0.167985,-1.056255,-1.633753,-1.406387,-1.0,34.130001
-0.43315,0.14438299999999998,-2.050246,1.464987,1.464987,-0.19636199999999998,-1.481375,-1.413033,-2.188854,-2.789489,-2.85013,1.0,34.630001
1.1935950000000002,1.8049490000000001,-1.4556040000000001,-0.808547,-0.808547,0.518195,-0.413392,-0.5938859999999999,-1.122271,-1.8131,-2.040757,-1.0,34.349998
1.029412,2.0,-0.08823500000000001,-1.018923,-1.018923,1.282353,0.955882,0.480392,0.09852899999999999,-0.7576470000000001,-1.105882,-1.0,34.0
-2.1632540000000002,0.144217,-2.942025,1.970588,1.970588,-0.905682,-1.1133540000000002,-1.257571,-1.5907120000000001,-2.425151,-2.953562,1.0,34.669998
-1.104816,1.048159,-1.699717,1.817133,1.817133,-2.011332,-2.334278,-2.906516,-3.110482,-3.870821,-4.413598,1.0,35.299999
0.94583,1.6050440000000001,-0.57323,-1.161473,-1.161473,-0.710805,-0.825451,-1.713958,-1.7884779999999998,-2.476354,-3.046718,-1.0,34.889998999999996
-2.234795,0.650636,-2.602546,1.318429,1.318429,-1.437058,-1.881188,-2.63272,-2.91372,-3.422914,-4.065062999999999,1.0,35.349998
-0.5882350000000001,0.084034,-1.260504,0.990099,0.990099,-1.45098,-2.4957979999999997,-3.051354,-3.591036,-4.02465,-4.811391,1.0,35.700001
0.05585,0.474728,-0.642279,0.308123,0.308123,-1.117006,-2.588662,-3.2132549999999998,-3.5800059999999996,-4.002234,-4.795681,0.0,35.810001
-0.47235299999999997,1.944985,-0.777994,0.502653,0.502653,-1.228119,-2.5590439999999997,-3.2138560000000003,-3.883023,-4.220061,-4.966194000000001,0.0,35.990002000000004
-3.52,0.56,-3.8666669999999996,4.19561,4.19561,-3.813333,-5.717333,-6.4231110000000005,-7.369333,-7.661867,-8.355556,1.0,37.5
0.6162920000000001,0.6162920000000001,-1.125402,-0.48,-0.48,-2.293676,-4.466774,-5.471597,-6.4027330000000005,-6.889603999999999,-7.48303,0.0,37.32
1.8321029999999998,1.996172,-1.257862,-2.009646,-2.009646,0.185945,-1.804758,-3.1483,-3.971835,-4.670495,-5.225594999999999,-1.0,36.57
1.555556,2.777778,-0.47222200000000003,-1.558655,-1.558655,1.877778,0.11944400000000001,-1.442593,-2.323611,-2.895555,-3.4444440000000003,-1.0,36.0
3.116883,3.116883,-0.606061,-3.75,-3.75,5.073593,3.832612,2.4973549999999998,1.6652240000000003,0.8819620000000001,0.415584,-1.0,34.650002
0.057954,1.130107,-0.347725,-0.40404,-0.40404,3.7670239999999997,4.143726,2.889984,2.2051580000000004,1.27847,0.9098809999999999,0.0,34.509997999999996
-0.31563800000000003,1.348637,-0.659971,0.9852219999999999,0.9852219999999999,1.337159,2.984218,1.981827,1.25538,0.45222399999999996,-0.01913,1.0,34.849998
-1.295045,0.365991,-2.027027,1.922525,1.922525,-1.165541,0.990991,0.343468,-0.5053489999999999,-1.13964,-1.737988,1.0,35.52
-0.11163800000000001,1.004745,-0.5302819999999999,0.872748,0.872748,-2.1155459999999997,0.122802,-0.308866,-1.260117,-1.911248,-2.381617,1.0,35.830002
0.254741,1.330314,-0.198132,-1.3954790000000001,-1.3954790000000001,-0.345316,1.3529579999999999,1.107652,0.307104,-0.302293,-0.9406549999999999,-1.0,35.330002
0.141764,0.8505809999999999,-0.73717,-0.169827,-0.169827,0.25517399999999996,0.8931100000000001,1.351479,0.568472,0.053302999999999996,-0.710708,0.0,35.27
-1.432584,0.505618,-1.741573,0.9356389999999999,0.9356389999999999,-0.252809,-0.525281,0.45880200000000004,-0.188202,-0.7528090000000001,-1.428839,1.0,35.599998
1.3960110000000001,1.652422,-0.712251,-1.4044940000000001,-1.4044940000000001,0.928775,0.472934,1.7758779999999998,1.390313,0.733903,0.190883,-1.0,35.099998
1.204474,1.204474,-0.659593,-0.655271,-0.655271,1.043877,0.8115859999999999,2.26747,2.087754,1.375394,0.8316600000000001,-1.0,34.869999
-0.200918,0.43054,-0.688863,-0.086034,-0.086034,0.849598,0.9529280000000001,2.1354759999999997,2.109644,1.544202,1.058171,0.0,34.84
-2.200903,0.874718,-2.2855529999999997,1.722158,1.722158,-0.7618510000000001,-0.493792,0.018811,0.458521,-0.083521,-0.48250600000000005,1.0,35.439999
0.369108,1.1641110000000001,-0.539466,-0.620767,-0.620767,-0.35775100000000004,0.23282199999999997,0.24607199999999999,1.067575,0.639409,0.20537600000000003,-1.0,35.220001
-0.255754,1.0514350000000001,-0.9946010000000001,-0.08517899999999999,-0.08517899999999999,-0.221654,0.224496,0.070096,1.081273,0.8604719999999999,0.359951,0.0,35.189999
-0.536723,0.338983,-1.073446,0.5967600000000001,0.5967600000000001,-0.514124,-0.491525,-0.6365350000000001,0.423729,0.34463299999999997,-0.20433099999999998,1.0,35.400002
-4.675676,0.108108,-4.675676,4.519774,4.519774,-3.648649,-4.343243,-4.50991,-3.782432,-3.810811,-4.261261,1.0,37.0
-0.10741099999999999,1.074114,-0.37594,0.648649,0.648649,-3.3029,-4.43072,-4.636591,-4.437433,-4.178303,-4.644647,1.0,37.240002000000004
-1.168038,0.743297,-1.5927790000000002,1.154672,1.154672,-3.1059200000000002,-4.972126,-5.2260860000000005,-5.481816,-5.02575,-5.439342,1.0,37.669998
-1.7372990000000001,0.21058200000000002,-1.7372990000000001,0.849482,0.849482,-2.448013,-5.011845,-5.590945,-6.091076,-5.5846279999999995,-5.885758999999999,1.0,37.990002000000004
1.0355809999999999,2.2835900000000002,-0.398301,-0.86865,-0.86865,-0.39299,-3.4386620000000003,-4.439724,-5.047796,-4.560807,-4.796424,-1.0,37.66
1.353913,2.2474950000000002,-0.324939,-1.938396,-1.938396,1.538045,-0.963986,-2.261937,-2.862172,-2.572434,-2.767398,-1.0,36.93
0.0,0.862766,-0.75492,0.433252,0.433252,1.0191430000000001,-0.9463469999999999,-2.35643,-2.933405,-3.036937,-2.989125,0.0,37.09
0.9565459999999999,1.4758129999999998,-0.409948,-1.348072,-1.348072,1.809237,0.781634,-0.8417600000000001,-1.369227,-1.7917459999999998,-1.5505149999999999,-1.0,36.59
1.069959,1.508916,-0.631001,-0.38261799999999996,-0.38261799999999996,1.355281,1.5144030000000002,-0.21399200000000002,-0.862826,-1.4277090000000001,-1.103795,0.0,36.450001
2.35492,2.859546,0.0,-2.139918,-2.139918,2.455845,3.8099239999999996,2.117559,1.28259,0.6907770000000001,1.0456969999999999,-1.0,35.669998
0.676437,0.901917,-0.47914300000000004,-0.53266,-0.53266,2.187148,3.9374290000000003,2.784667,1.84611,1.3235629999999998,1.5388950000000001,-1.0,35.48
-1.71888,0.24951500000000001,-1.71888,1.662909,1.662909,-0.049902999999999996,1.9129470000000002,1.21985,0.291101,-0.160798,-0.254135,1.0,36.07
1.631964,3.151379,-0.084412,-1.469365,-1.469365,0.8497469999999999,2.833427,2.789345,1.7782779999999998,1.40574,1.0664040000000001,-1.0,35.540001000000004
-0.9228190000000001,0.447427,-1.0067110000000001,0.619021,0.619021,-0.1566,1.577181,2.263236,1.244407,0.808725,0.369128,1.0,35.759997999999996
-2.856366,0.08161,-2.856366,2.796421,2.796421,-2.279652,-1.430903,-0.27203499999999997,-1.25272,-1.832427,-2.292347,1.0,36.759997999999996
-0.647948,0.08099400000000001,-1.943844,0.7616970000000001,0.7616970000000001,-2.176026,-2.146328,-1.018718,-1.702214,-2.3898490000000003,-2.815875,1.0,37.040001000000004
0.652884,1.360174,-0.054407000000000004,-0.75594,-0.75594,-1.055495,-1.490751,-0.35183200000000003,-0.773939,-1.484222,-1.8716,-1.0,36.759997999999996
0.737705,0.901639,-0.846995,-0.43525600000000003,-0.43525600000000003,-0.043716000000000005,-1.057377,-0.11111099999999999,-0.15163900000000002,-0.944262,-1.283242,0.0,36.599998
-0.629103,0.71116,-0.8479209999999999,-0.10929000000000001,-0.10929000000000001,0.503282,-0.9190370000000001,-0.26258200000000004,0.144967,-0.676149,-1.080416,0.0,36.560001
1.220866,1.803552,-0.22197600000000003,-1.42232,-1.42232,1.5538290000000001,0.613208,0.8768040000000001,1.6786900000000002,0.886792,0.36626,-1.0,36.040001000000004
2.4943310000000003,3.03288,-0.170068,-2.108768,-2.108768,2.743764,2.723923,2.738095,3.625283,3.109977,2.523621,-1.0,35.279999
1.0,1.142857,-1.371429,-0.793651,-0.793651,2.56,3.24,3.161905,4.134286,3.8845709999999998,3.3180949999999996,-1.0,35.0
1.659872,3.4071050000000005,-0.262085,-1.885714,-1.885714,3.2149099999999997,4.874782,4.707824,5.6508449999999995,5.778683999999999,5.181518,-1.0,34.34
0.204798,0.789936,-1.4921010000000001,-0.465929,-0.465929,2.3054419999999998,4.903452,4.755218,5.588063,6.155647,5.584162,0.0,34.18
-3.358736,0.056449,-3.3869599999999997,3.6571089999999997,3.6571089999999997,-1.648321,0.826983,1.014206,1.548123,2.413774,1.9117509999999998,1.0,35.43
1.865889,2.361516,-0.20408199999999999,-3.189388,-3.189388,1.020408,3.349854,4.112731,4.510204,5.472886,5.216715,-1.0,34.299999
0.766509,1.208726,-0.26533,-1.107872,-1.107872,1.5153299999999998,3.670401,4.856525,5.213737999999999,6.262972,6.246069,-1.0,33.919998
0.088183,1.11699,-0.49970600000000004,0.294811,0.294811,1.028807,2.6072900000000003,4.250441,4.526749,5.521458,5.816186,0.0,34.02
-2.376861,0.257732,-3.207331,2.6455029999999997,2.6455029999999997,-1.151203,-0.5068729999999999,1.4032069999999999,1.613688,2.4501720000000002,3.063192,1.0,34.919998
0.28826799999999997,1.9890459999999999,-0.490055,-0.658648,-0.658648,-0.9224559999999999,-0.236379,1.677717,2.146152,2.78697,3.678293,-1.0,34.689999
-0.057521,0.719011,-1.2366979999999999,0.23061399999999999,0.23061399999999999,-0.8800690000000001,-0.6125970000000001,1.008532,1.809031,2.3019849999999997,3.225961,0.0,34.77
-1.0364149999999999,2.212885,-1.0364149999999999,2.67472,2.67472,-2.464986,-3.005602,-1.820728,-0.894958,-0.518768,0.39309099999999997,1.0,35.700001
-1.129788,0.358225,-1.515569,1.6526610000000002,1.6526610000000002,-2.7996689999999997,-4.045191,-3.473868,-2.402866,-2.169193,-1.3658489999999999,1.0,36.290001000000004
-1.7586580000000003,0.108225,-1.866883,1.846239,1.846239,-3.457792,-5.032467,-5.151515,-4.00974,-3.8874459999999997,-3.246753,1.0,36.959998999999996
0.21686100000000003,1.111412,-2.087286,-0.189394,-0.189394,-2.081865,-4.456492,-4.817927,-3.8099760000000003,-3.5727839999999995,-3.132737,0.0,36.889998999999996
2.638889,2.861111,-0.47222200000000003,-2.412578,-2.412578,1.022222,-1.6222219999999998,-2.331481,-1.576389,-1.131111,-0.824074,-1.0,36.0
0.8127800000000001,1.17713,-1.4293719999999999,-0.8888889999999999,-0.8888889999999999,1.91704,-0.246637,-1.328475,-0.8450110000000001,-0.288117,-0.06633,-1.0,35.68
-10.646286,0.187718,-11.343524,4.512332,4.512332,-1.9469029999999998,-3.676589,-5.061232,-5.033521,-4.4054709999999995,-4.318405,1.0,37.290001000000004
2.667033,2.667033,-1.182293,-2.467149,-2.467149,0.208963,-0.841353,-2.2582709999999997,-2.65741,-1.920264,-1.905417,-1.0,36.369999
0.1098,1.564645,-0.9607469999999999,0.164971,0.164971,-0.208619,-0.527038,-2.236252,-2.764205,-2.118035,-1.997438,0.0,36.43
-4.878685,0.052177999999999995,-5.113487999999999,5.215482,5.215482,-3.9394730000000004,-4.529089,-6.381424,-7.1862770000000005,-6.835377,-6.607531,1.0,38.330002
0.078555,0.314218,-1.492537,-0.365249,-0.365249,-2.272846,-3.527101,-5.292834,-6.428383999999999,-6.344069,-6.080126,0.0,38.189999
-0.80207,0.18111300000000002,-2.018111,1.204504,1.204504,-2.732212,-4.0646830000000005,-5.621388,-6.984476,-7.2465720000000005,-6.929711,1.0,38.650002
-0.386598,0.670103,-0.56701,0.388098,0.388098,-1.8556700000000002,-3.9613400000000003,-5.3195879999999995,-6.748711,-7.374227,-7.02835,0.0,38.799999
-0.41120500000000004,1.002313,-1.0280129999999998,0.283505,0.283505,-0.858391,-3.7136980000000004,-4.864217,-6.56515,-7.341042999999999,-7.106999000000001,0.0,38.91
0.28571399999999997,1.116883,-0.415584,-1.053714,-1.053714,0.28571399999999997,-2.038961,-3.2051950000000002,-5.024675,-6.0197400000000005,-5.9913419999999995,-1.0,38.5
-1.773779,0.07712100000000001,-2.313625,1.038961,1.038961,-0.380463,-2.218509,-3.6520989999999998,-5.3611830000000005,-6.585089999999999,-6.774636,1.0,38.900002
-0.386698,0.670276,-1.031194,-0.282776,-0.282776,-0.02578,-1.554524,-2.949214,-4.477958,-5.8613040000000005,-6.322076,0.0,38.790001000000004
-0.8697879999999999,0.537222,-1.6628290000000001,0.7733949999999999,0.7733949999999999,-0.644666,-1.6142239999999999,-3.330775,-4.677667,-6.081351000000001,-6.825275,1.0,39.09
-1.680462,0.752445,-1.705543,1.995395,1.995395,-2.106847,-2.676198,-4.723685,-5.892901999999999,-7.473288,-8.327899,1.0,39.869999
-0.983359,0.100857,-2.496218,-0.526712,-0.526712,-1.00353,-1.8255169999999998,-3.603967,-4.7781139999999995,-6.442762999999999,-7.474365,-1.0,39.66
-0.530571,1.061142,-1.237999,-0.201715,-0.201715,-0.45982799999999996,-1.2758969999999998,-2.752232,-4.095503,-5.681657,-6.901634,0.0,39.580002
-0.102459,1.357582,-0.5891390000000001,-1.364325,-1.364325,1.045082,0.189549,-1.108265,-2.4167520000000002,-3.8627050000000005,-5.212603,-1.0,39.040001000000004
1.150929,3.008109,-0.026157,-2.074795,-2.074795,2.736071,2.163223,1.311361,-0.183102,-1.479466,-2.851164,-1.0,38.23
-0.364964,0.469239,-1.564129,0.340047,0.340047,1.600626,1.673618,1.303441,-0.329771,-1.430657,-2.925791,0.0,38.360001000000004
2.3727009999999997,3.092509,-0.29325500000000004,-2.21585,-2.21585,2.756598,3.7136760000000004,3.453301,2.130099,1.095175,-0.440771,-1.0,37.509997999999996
-1.059042,0.900185,-1.773895,0.693148,0.693148,1.0908129999999998,2.700556,2.66702,1.7037330000000002,0.61848,-0.786338,1.0,37.77
1.617687,1.6985709999999998,-0.727959,-1.800371,-1.800371,1.892693,4.125101,4.268896,3.541386,2.549474,1.308529,-1.0,37.09
-0.926416,0.661726,-1.349921,1.86034,1.86034,-0.206458,1.876654,2.184577,1.8369509999999998,0.763367,-0.28939499999999996,1.0,37.779999
1.447333,2.144197,-0.32163,-1.2440440000000001,-1.2440440000000001,0.48780500000000004,2.473868,3.18592,3.2377380000000002,2.077727,1.20075,-1.0,37.310001
-0.05379199999999999,0.887574,-0.34965,-0.348432,-0.348432,0.661646,2.165143,3.310023,3.444056,2.5615919999999996,1.7706650000000002,0.0,37.18
-1.501185,0.026337,-1.896234,2.1247979999999997,2.1247979999999997,-1.327364,-0.38451399999999997,0.9972790000000001,1.262839,0.668949,-0.14748499999999998,1.0,37.970001
0.805779,3.6399,0.0,-5.214643,-5.214643,3.4898580000000003,4.248402,6.03501,6.464296,6.0627949999999995,5.318144,-1.0,35.990002000000004
0.366197,0.366197,-1.4084510000000001,-1.361489,-1.361489,3.633803,4.91831,6.824413000000001,7.469014,7.428732000000001,6.634742,-1.0,35.5
-0.525588,0.24896300000000002,-1.244813,1.830986,1.830986,1.128631,2.42047,4.217612,5.15491,5.466114,4.649147,1.0,36.150002
-0.245767,0.600765,-0.6553800000000001,1.300138,1.300138,-0.47515,0.862916,2.326597,3.548607,3.9257239999999998,3.362461,1.0,36.619999
-3.243671,0.026371,-3.349156,3.5499730000000005,3.5499730000000005,-3.913502,-2.55538,-1.473277,-0.13053800000000002,0.334388,0.015823,1.0,37.919998
-0.738397,1.344937,-0.738397,0.0,0.0,-2.89557,-2.3364979999999997,-1.6701830000000002,-0.24525300000000003,0.257384,0.071203,0.0,37.919998
-0.49960600000000005,0.15777,-0.788851,0.290084,0.290084,-1.845911,-2.5532470000000003,-1.989657,-0.673153,-0.113595,-0.07275,0.0,38.029999
-1.580311,0.673575,-1.968912,1.498817,1.498817,-2.025907,-3.658031,-3.3955089999999997,-2.304404,-1.620725,-1.360967,1.0,38.599998
-1.249044,0.17843499999999998,-1.4274790000000002,1.632124,1.632124,-2.268672,-4.682641,-4.654601,-3.928116,-3.126179,-2.868553,1.0,39.23
-0.727912,0.727912,-1.506024,1.554932,1.554932,-2.801205,-5.672691,-5.768072,-5.366466,-4.51506,-4.217704,1.0,39.84
-1.7203240000000002,0.417793,-1.7203240000000002,2.133534,2.133534,-3.4701400000000002,-6.488081,-7.146719,-7.140575,-6.322929,-6.051446,1.0,40.689999
-0.604741,0.8950170000000001,-1.306241,1.597444,1.597444,-3.3865510000000003,-6.545719,-8.032575999999999,-8.22448,-7.578133,-7.323819,1.0,41.34
3.958908,3.958908,-0.200451,-3.4591199999999995,-3.4591199999999995,0.731646,-2.255074,-4.303015,-4.7419199999999995,-4.2625910000000005,-3.9196519999999997,-1.0,39.91
0.600601,2.577578,-3.053053,0.125282,0.125282,0.9709709999999999,-1.541542,-3.9589589999999997,-4.554554,-4.352352,-3.918085,0.0,39.959998999999996
-1.0877629999999998,0.17305299999999998,-1.5822,1.226226,1.226226,0.049444,-2.1087759999999998,-4.7136379999999996,-5.379481,-5.424969,-4.954265,1.0,40.450001
-0.29513,1.032956,-0.713232,0.519159,0.519159,-0.48204600000000003,-1.940482,-4.440072,-5.429169,-5.754058000000001,-5.291851,0.0,40.66
1.928375,1.928375,-0.050088,-1.7953759999999999,-1.7953759999999999,0.631104,0.328074,-1.953418,-3.431004,-3.860756,-3.490275,-1.0,39.93
-0.789733,0.5923,-1.4067129999999999,1.477586,1.477586,-0.5330699999999999,-0.658934,-2.66206,-4.4410169999999995,-5.047384,-4.842053,1.0,40.52
1.2718200000000002,1.496259,-0.473815,-1.036525,-1.036525,0.578554,0.598504,-1.064007,-3.07606,-3.794514,-3.808811,-1.0,40.099998
-1.109194,1.084545,-1.404979,1.1720700000000002,1.1720700000000002,-0.527483,-0.38698499999999997,-1.7747099999999998,-3.878482,-4.63298,-4.841837,1.0,40.57
-0.737463,0.294985,-0.835792,0.271136,0.271136,-0.7866270000000001,-0.6588,-1.5880040000000002,-3.561947,-4.537857,-4.964766,0.0,40.68
1.518168,1.8168240000000002,-0.447984,-1.229105,-1.229105,0.5724239999999999,0.28870100000000004,-0.0066370000000000005,-1.7794919999999999,-3.111001,-3.620375,-1.0,40.18
-0.074166,0.46971599999999997,-1.161928,0.671976,0.671976,-0.133498,-0.247219,-0.36918,-1.9035849999999999,-3.447219,-4.091471,1.0,40.450001
0.124008,0.793651,-0.396825,-0.321384,-0.321384,0.297619,0.16369,0.132275,-1.128472,-2.824405,-3.5499339999999995,0.0,40.32
0.547536,0.671976,-0.323544,-0.347222,-0.347222,0.452962,0.445495,0.5375810000000001,-0.502738,-2.265804,-3.013937,0.0,40.18
-0.570861,0.570861,-0.570861,0.273768,0.273768,-0.014891999999999999,0.079424,0.196906,-0.48026800000000003,-2.1057330000000003,-3.013982,0.0,40.290001000000004
0.572567,0.77172,-0.398307,-0.29784099999999997,-0.29784099999999997,0.27881500000000004,0.438138,0.30205,0.083396,-1.34827,-2.525931,0.0,40.169998
-1.936749,0.147095,-1.936749,1.54344,1.54344,-1.0786959999999999,-1.022309,-1.0786959999999999,-1.169404,-2.392743,-3.7231349999999996,1.0,40.790001000000004
0.838058,1.57752,-0.29578499999999996,-0.5393479999999999,-0.5393479999999999,-0.419029,-0.369731,-0.44203400000000004,-0.468326,-1.4739959999999999,-2.9225209999999997,-1.0,40.57
2.731448,3.8917089999999996,-0.9910559999999999,1.9719,1.9719,-1.769398,-2.102973,-2.218999,-2.208122,-3.0456849999999998,-4.525824,1.0,41.369999
1.0736940000000001,1.439727,-0.122011,-0.9427120000000001,-0.9427120000000001,-0.49780399999999997,-1.0980969999999999,-1.236375,-1.242069,-1.8243049999999998,-3.211323,-1.0,40.98
-0.45904799999999996,0.55569,-1.787871,1.0004879999999998,1.0004879999999998,-0.8939360000000001,-1.785455,-1.979544,-2.2143029999999997,-2.472095,-3.6957400000000002,1.0,41.389998999999996
0.0,0.169328,-0.822448,-0.12080199999999999,-0.12080199999999999,-0.507983,-1.4513790000000002,-1.728753,-1.9230770000000001,-2.089018,-3.16078,0.0,41.34
0.45849399999999996,0.9411200000000001,-0.579151,0.241896,0.241896,-0.328185,-1.418919,-1.7503220000000002,-1.9811779999999999,-2.1119689999999998,-3.006757,0.0,41.439999
0.169328,0.169328,-1.064344,-0.241313,-0.241313,-0.101597,-0.899855,-1.388486,-1.6364299999999998,-1.730044,-2.496372,0.0,41.34
-1.98394,0.354275,-2.3618330000000003,2.418965,2.418965,-1.818611,-2.756259,-3.456149,-3.761219,-3.895135,-4.451268,1.0,42.34
2.547307,2.547307,-0.1213,-2.645253,-2.645253,0.766618,0.140708,-0.664726,-0.9898110000000001,-1.295488,-1.597121,-1.0,41.220001
0.170482,2.873843,-0.511447,-0.38816100000000003,-0.38816100000000003,1.022893,0.596688,-0.1786,-0.538237,-0.7988310000000001,-1.013963,0.0,41.060001
-0.365052,0.7057680000000001,-0.4624,0.073064,0.073064,0.778778,0.6497930000000001,-0.126551,-0.49038699999999996,-0.761256,-0.9353450000000001,0.0,41.09
0.34163000000000004,1.5861399999999999,-0.634456,-0.267705,-0.267705,0.873597,0.824793,0.271677,-0.173255,-0.443143,-0.576704,0.0,40.98
-1.2836040000000002,0.024219,-1.59845,0.756467,0.756467,-0.392347,0.14289200000000002,-0.31969000000000003,-0.848874,-1.1295709999999999,-1.274724,1.0,41.290001000000004
-1.7041419999999998,0.071006,-2.035503,2.325018,2.325018,-2.168047,-1.9289939999999999,-2.25641,-2.856805,-3.15645,-3.446154,1.0,42.25
-0.047370999999999996,1.0658459999999998,-0.378967,-0.071006,-0.071006,-1.549029,-1.6508759999999998,-1.9611560000000001,-2.578162,-2.926575,-3.1951680000000002,0.0,42.220001
-0.661782,0.023635,-1.205389,0.213169,0.213169,-1.1817540000000002,-1.654455,-1.8955330000000001,-2.550225,-2.924131,-3.2159459999999997,0.0,42.310001
-0.16572,1.065341,-0.8759469999999999,-0.165446,-0.165446,-0.42140200000000005,-1.278409,-1.595644,-2.144886,-2.605114,-2.914299,0.0,42.240002000000004
-3.916686,0.747113,-4.188363,4.569129,4.569129,-3.4684169999999996,-5.177722,-5.413931,-5.981435,-6.544713,-6.891555,1.0,44.169998
1.004337,1.506505,-0.593472,-0.815033,-0.815033,-1.963022,-3.80735,-4.268432,-4.793426,-5.445332,-5.831241,-1.0,43.810001
0.36807,0.690131,-0.414079,-0.776079,-0.776079,-0.6211180000000001,-2.500575,-3.193007,-3.740511,-4.427881,-4.868492,-1.0,43.470001
-0.59415,0.182815,-1.7138939999999998,0.667127,0.667127,-0.617002,-2.536563,-3.4811089999999996,-4.01394,-4.7468010000000005,-5.22014,1.0,43.759997999999996
-1.565996,0.760626,-1.923937,2.1480799999999998,2.1480799999999998,-1.606264,-3.753915,-5.0096940000000005,-5.659955,-6.345414,-6.9052940000000005,1.0,44.700001
0.582307,0.87346,-0.5151180000000001,-0.111857,-0.111857,-1.281075,-2.893617,-4.5584169999999995,-5.143337,-5.849944,-6.504666,0.0,44.650002
2.800735,2.800735,-1.010101,-2.441209,-2.441209,1.07438,-0.162994,-1.8120599999999998,-2.520661,-3.1827360000000002,-3.906489,-1.0,43.560001
0.34658,1.109057,-0.901109,-0.642792,-0.642792,1.640481,0.727819,-0.834874,-1.6658970000000002,-2.326248,-3.066852,-1.0,43.279999
0.748713,1.9653720000000001,-0.11698599999999999,-1.247689,-1.247689,2.447356,2.101076,0.6754020000000001,-0.271409,-0.8890969999999999,-1.6534080000000002,-1.0,42.740002000000004
-2.296739,0.068902,-2.733119,1.8717830000000002,1.8717830000000002,0.032154,0.523656,-0.7824220000000001,-1.851171,-2.510795,-3.203185,1.0,43.540001000000004
-0.571037,0.45683,-1.256281,0.551217,0.551217,-0.913659,-0.11649200000000001,-0.94716,-2.22476,-2.789402,-3.4680980000000003,1.0,43.779999
-0.793471,0.566765,-0.793471,0.7537689999999999,0.7537689999999999,-1.405577,-0.7957380000000001,-1.407088,-2.6286560000000003,-3.270007,-3.8925410000000005,1.0,44.110001000000004
1.260226,1.260226,-2.785762,2.539107,2.539107,-2.984745,-2.8631439999999997,-3.4048199999999995,-4.578819,-5.3212470000000005,-5.945169,1.0,45.23
1.184887,1.184887,-0.760116,-1.105461,-1.105461,-1.010507,-1.560474,-1.964379,-3.105299,-3.9687010000000003,-4.583799,-1.0,44.73
0.49206000000000005,1.006486,-1.207783,-0.044713,-0.044713,-0.44285399999999997,-1.514203,-1.552225,-2.644822,-3.6242449999999997,-4.292105,0.0,44.709998999999996
-0.552608,0.486295,-0.9283819999999999,1.185417,1.185417,-0.963749,-2.537577,-2.547893,-3.3488059999999997,-4.496905,-5.099469999999999,1.0,45.240002000000004
-1.467415,0.23737600000000003,-2.546396,2.431477,2.431477,-2.3521799999999997,-4.251187,-4.497195,-5.2017690000000005,-6.321968,-6.996116000000001,1.0,46.34
1.4170479999999999,1.9838669999999998,-0.392413,-1.014243,-1.014243,-1.0725959999999999,-2.7054720000000003,-3.169828,-3.8325699999999996,-4.942664,-5.713973999999999,-1.0,45.869999
-0.8851469999999999,0.259067,-2.007772,0.981033,0.981033,-1.34715,-2.877807,-3.7420839999999997,-4.333981,-5.4145080000000005,-6.278785,1.0,46.32
0.283224,1.1764709999999998,-0.043573,-0.9067360000000001,-0.9067360000000001,0.074074,-1.4749459999999999,-2.687001,-3.059913,-4.120262,-5.090051,-1.0,45.900002
-0.390371,0.325309,-1.1711129999999998,0.457516,0.457516,-0.004337,-1.418347,-2.919106,-3.291043,-4.138799,-5.249765,0.0,46.110001000000004
0.815697,1.6975310000000001,-0.529101,-1.6265450000000001,-1.6265450000000001,1.216931,0.487213,-1.049383,-1.521164,-2.279541,-3.3788949999999995,-1.0,45.360001000000004
0.420633,0.597742,-0.575603,-0.418871,-0.418871,1.332743,0.8966129999999999,-0.354217,-0.918751,-1.607261,-2.6691759999999998,0.0,45.169998
0.133097,0.976043,-0.55457,-0.199247,-0.199247,0.984916,1.1756879999999998,0.190772,-0.574534,-1.1650399999999999,-2.179828,0.0,45.080002
-0.8193090000000001,0.42072600000000004,-1.328609,0.17746199999999998,0.17746199999999998,0.478299,1.096103,0.252436,-0.699734,-1.081488,-2.044582,0.0,45.16
-0.461538,0.32966999999999996,-0.725275,0.752879,0.752879,-0.540659,0.397802,-0.244689,-1.348352,-1.7037360000000001,-2.4681319999999998,1.0,45.5
0.0877,0.285025,-1.118176,0.241758,0.241758,-0.670906,-0.004385,-0.266024,-1.361544,-1.7829419999999998,-2.457794,0.0,45.610001000000004
0.659486,1.121126,-0.9232799999999999,-0.2631,-0.2631,-0.268191,0.17586300000000002,0.035173,-0.8584299999999999,-1.34623,-1.9608709999999998,0.0,45.490002000000004
4.027747,4.027747,-0.425151,-1.7586279999999999,-1.7586279999999999,1.342582,1.604386,1.8199450000000001,1.134482,0.503021,-0.028343,-1.0,44.689999
2.376057,3.289925,-1.028101,-2.058626,-2.058626,2.83756,3.25337,3.816922,3.2864980000000004,2.5305,2.189475,-1.0,43.77
3.671246,4.168641,-0.7105640000000001,-3.541238,-3.541238,5.059214,6.1226910000000005,7.151428999999999,6.893652,6.064425,5.787147,-1.0,42.220001
-0.752941,0.047059,-1.623529,0.663193,0.663193,2.9035290000000002,4.750588,5.8431370000000005,6.0,5.265882,4.987451,1.0,42.5
-0.377804,0.401417,-1.534829,-0.352941,-0.352941,1.7851240000000002,4.455726,5.663912,6.035419,5.550886,5.271153,0.0,42.349998
0.42164399999999996,2.99836,-0.093699,0.802834,0.802834,0.03748,3.063949,4.255485,4.951979,4.705552,4.349183999999999,1.0,42.689999
-0.780379,2.229654,-0.780379,5.0597330000000005,5.0597330000000005,-4.298774,-1.9687849999999998,-0.9215909999999999,-0.086957,-0.22029,-0.66518,1.0,44.849998
0.842759,1.3750280000000001,-1.7298740000000001,0.535117,0.535117,-3.5351519999999996,-2.5815040000000002,-1.5997629999999998,-0.635396,-0.635174,-1.161381,0.0,45.09
1.899593,2.849389,-0.339213,-1.9294740000000001,-1.9294740000000001,-0.85934,-0.979195,0.16433,1.079828,1.329715,0.8329559999999999,-1.0,44.220001
-1.823032,0.177857,-2.334371,1.718679,1.718679,-1.365051,-2.765674,-1.556247,-0.7269899999999999,-0.404624,-0.744775,1.0,44.98
-0.355635,0.200044,-1.3558569999999999,0.022232,0.022232,-0.364525,-2.720605,-1.591465,-0.8968659999999999,-0.403645,-0.600133,0.0,44.990002000000004
-0.9583969999999999,0.065345,-1.4375950000000002,2.044899,2.044899,-1.899368,-4.203876999999999,-3.454585,-2.881725,-2.294925,-2.419952,1.0,45.91
-0.152572,0.7410640000000001,-0.9372280000000001,-0.065345,-0.065345,-1.490846,-3.3435050000000004,-3.33624,-2.843287,-2.17524,-2.203575,0.0,45.880001
1.081439,1.412492,-0.375193,-1.242371,-1.242371,0.22953,-1.507393,-2.164349,-1.626572,-1.035533,-0.885014,-1.0,45.310001
0.820399,1.7294900000000002,-0.243902,-0.463474,-0.463474,0.7494460000000001,-0.43902399999999997,-1.766445,-1.176275,-0.643016,-0.433112,0.0,45.099998
0.805189,0.9170209999999999,-0.9617540000000001,-0.8647450000000001,-0.8647450000000001,1.503019,0.881235,-0.906583,-0.355625,0.079624,0.433907,-1.0,44.709998999999996
1.351656,1.576932,-0.923631,-0.715724,-0.715724,1.549899,1.504843,-0.099121,0.275963,0.6650149999999999,1.133889,-1.0,44.389998999999996
0.819486,1.5251540000000001,-0.159344,-1.036269,-1.036269,1.7254720000000001,2.303665,1.206465,1.1472799999999999,1.520601,2.093482,-1.0,43.93
-2.522321,0.78125,-3.28125,1.980423,1.980423,-0.477679,0.446429,-0.416667,-0.907366,-0.500893,-0.00372,1.0,44.799999
1.9258650000000002,3.520398,-2.319321,7.790178999999999,7.790178999999999,-6.349141,-6.127562999999999,-6.793677000000001,-7.779043,-7.4334229999999994,-7.063574000000001,1.0,48.290001000000004
-0.020704,1.180124,-1.36646,0.020708,0.020708,-4.881988,-5.461698,-6.038647,-7.424430999999999,-7.1859210000000004,-6.9461699999999995,0.0,48.299999
-1.0691950000000001,1.250757,-1.9770020000000001,2.6294,2.6294,-5.228969,-7.1454509999999996,-7.811176,-9.211217,-9.207989,-9.083451,1.0,49.57
0.20316900000000002,1.015847,-0.365705,-0.706072,-0.706072,-2.405526,-5.806583,-6.596235000000001,-7.854531,-8.260056,-8.226331,-1.0,49.220001
-0.591837,0.714286,-1.857143,-0.44697299999999995,-0.44697299999999995,-0.25306100000000004,-4.630612,-5.526530999999999,-6.777551,-7.571428999999999,-7.566667,0.0,49.0
5.368556,5.368556,-2.279506,-4.204082,-4.204082,3.5492120000000003,-0.053259,-1.102116,-2.197486,-3.391564,-3.384462,-1.0,46.939999
0.187696,1.042753,-3.086549,2.1516830000000002,2.1516830000000002,1.222106,-1.482795,-2.773723,-3.709072,-5.154536,-5.220021,1.0,47.950001
4.151431,4.151431,-0.15057,-3.044838,-3.044838,3.07593,2.062809,0.362802,-0.5087119999999999,-1.941923,-2.148132,-1.0,46.490002000000004
1.0535370000000002,2.128575,-0.215008,0.043019999999999996,0.043019999999999996,1.866265,2.57364,0.409948,-0.398839,-1.615137,-2.117824,0.0,46.509997999999996
-0.408866,0.602539,-0.903809,-0.086003,-0.086003,0.865074,3.021304,0.6627930000000001,-0.071014,-1.188724,-1.971882,0.0,46.470001
-3.968744,0.226198,-3.968744,4.64816,4.64816,-2.920008,-1.48468,-3.3244230000000003,-4.134279,-5.061073,-6.110768,1.0,48.630001
2.141058,3.29555,-0.650714,-2.03578,-2.03578,-1.032746,0.42401300000000003,-0.905402,-1.86398,-2.672544,-3.953261,-1.0,47.639998999999996
-0.957735,0.728711,-0.957735,0.8186399999999999,0.8186399999999999,-1.195086,-0.712055,-1.204803,-2.440142,-3.1980009999999996,-4.437504,1.0,48.029999
1.628596,1.8189509999999998,-0.676819,-1.561524,-1.561524,0.69797,0.45262299999999994,0.834743,-0.744501,-1.477157,-2.5648619999999998,-1.0,47.279999
-2.1864689999999998,0.226898,-2.722772,2.538071,2.538071,-0.965347,-2.141089,-1.155115,-2.874381,-3.5643559999999996,-4.565456,1.0,48.48
-0.491703,0.778529,-0.491703,0.680693,0.680693,-1.561156,-2.4195860000000002,-1.752373,-3.150994,-3.902479,-4.769515,1.0,48.810001
1.505776,1.505776,-0.35065999999999997,-0.676091,-0.676091,-0.544554,-1.6460400000000002,-1.058856,-2.102929,-2.960396,-3.723185,-1.0,48.48
-2.9946099999999998,0.898383,-3.2940709999999997,3.320957,3.320957,-2.918746,-4.08864,-4.169827,-4.680575,-5.745658000000001,-6.469022,1.0,50.09
1.6656509999999998,2.23441,-0.487508,-1.71691,-1.71691,-0.43063199999999996,-1.860654,-2.494414,-2.477148,-3.8269349999999998,-4.554811,-1.0,49.23
3.747618,4.107558999999999,-0.571671,-4.062563,-4.062563,3.256405,2.456066,1.3847129999999999,1.909803,0.408215,-0.300656,-1.0,47.23
-0.948167,1.222082,-2.507375,0.486979,0.486979,2.187105,1.713022,0.9664280000000001,1.328487,0.120523,-0.609636,0.0,47.459998999999996
-1.9210909999999999,0.33050999999999997,-1.9210909999999999,2.001686,2.001686,0.152861,-0.12394100000000001,-0.951594,-0.648626,-1.538525,-2.324589,1.0,48.41
0.875,1.541667,-0.916667,-0.846932,-0.846932,0.1375,0.722917,0.10416700000000001,0.036458,-0.396667,-1.3451389999999999,-1.0,48.0
-1.999184,0.24479800000000002,-2.0807830000000003,2.125,2.125,-2.0318240000000003,-1.017952,-1.637427,-2.065484,-2.053856,-3.184415,1.0,49.02
-0.825614,0.664519,-1.0068469999999998,1.30559,1.30559,-2.315747,-2.055981,-2.476843,-3.261176,-2.924688,-4.140153,1.0,49.66
0.26114899999999996,1.566894,-0.9642430000000001,0.241643,0.241643,-1.619124,-2.097228,-2.557921,-3.20912,-3.038971,-4.057855,0.0,49.779999
-0.539676,0.259844,-1.059364,0.50221,0.50221,-1.463122,-2.276634,-2.726364,-3.4849089999999996,-3.3851690000000003,-4.182824,0.0,50.029999
-1.612586,0.747296,-2.59587,1.6390169999999997,1.6390169999999997,-1.93117,-3.7030480000000003,-3.92527,-4.612586,-4.842478,-5.3044910000000005,1.0,50.849998
1.6028850000000001,2.244039,-0.140252,-1.8485740000000002,-1.8485740000000002,0.27249,-1.7531560000000002,-1.764509,-2.4754560000000003,-2.994991,-3.121619,-1.0,49.91
-0.614348,1.743956,-2.358304,1.101984,1.101984,-0.503369,-2.183908,-2.573656,-3.143084,-3.936584,-3.8036730000000003,1.0,50.459998999999996
2.253807,2.944162,-0.203046,-2.397939,-2.397939,1.725888,0.582741,-0.120474,-0.700508,-1.388832,-1.3752959999999999,-1.0,49.25
0.101854,1.07965,-0.916684,-0.324873,-0.324873,1.674475,1.049093,0.287907,-0.229171,-0.9745370000000001,-1.000204,0.0,49.09
-1.6626599999999998,0.08012799999999999,-2.163461,1.6907720000000002,1.6907720000000002,-0.38862199999999997,-0.246394,-1.402244,-1.698718,-2.3461540000000003,-2.622863,1.0,49.919998
0.683417,1.648241,-0.562814,-0.340545,-0.340545,-0.11256300000000001,0.241206,-0.9956450000000001,-1.114573,-1.75196,-2.2546060000000003,0.0,49.75
1.279188,1.279188,-0.162437,-1.005025,-1.005025,0.410152,1.175635,0.28291,-0.032487,-0.5287310000000001,-1.245347,-1.0,49.25
-1.3231760000000001,0.12028900000000001,-1.3231760000000001,1.279188,1.279188,-0.605453,-0.082197,-0.660251,-1.187851,-1.6848439999999998,-2.296177,1.0,49.880001
0.8244520000000001,1.608687,-0.56304,-0.300722,-0.300722,-0.048261,0.158858,-0.183658,-0.764126,-1.220189,-1.882164,0.0,49.73
1.15736,2.030457,-0.6700510000000001,-0.9652120000000001,-0.9652120000000001,0.6538069999999999,0.8101520000000001,0.958376,0.11776600000000001,-0.158376,-0.739086,-1.0,49.25
-0.6655909999999999,0.181525,-1.250504,0.6700510000000001,0.6700510000000001,-0.084712,0.07261000000000001,0.361705,-0.513312,-0.637354,-1.193358,1.0,49.580002
1.014405,1.014405,-0.892676,-0.584913,-0.584913,0.519375,0.424021,0.9021440000000001,0.28099,0.012984,-0.42131599999999997,-1.0,49.290001000000004
0.26411999999999997,1.665989,-1.300284,-0.142017,-0.142017,0.39414899999999997,0.5607479999999999,0.9697950000000001,0.6023970000000001,0.18854100000000001,-0.23974,0.0,49.220001
-1.396091,0.299162,-1.555644,1.869159,1.869159,-1.284404,-1.07499,-0.868236,-1.071001,-1.5173510000000001,-1.904002,1.0,50.139998999999996
1.539708,2.694489,0.0,-1.555644,-1.555644,0.32009699999999996,0.374797,0.497029,0.630065,-0.020259,-0.264046,-1.0,49.360001000000004
-1.101101,0.7807810000000001,-1.261261,1.1953,1.1953,-0.716717,-0.770771,-0.684685,-0.46546499999999996,-1.1435440000000001,-1.263931,1.0,49.950001
-1.169243,0.416171,-1.7241380000000002,1.021021,1.021021,-1.256441,-1.533888,-1.688466,-1.392192,-1.886643,-2.131061,1.0,50.459998999999996
-0.964377,0.47234799999999993,-1.4760870000000001,0.693619,0.693619,-1.3107659999999999,-2.029128,-2.160992,-1.9700849999999999,-2.2987599999999997,-2.674014,1.0,50.810001
-0.31305,1.3695950000000001,-0.8608879999999999,0.590435,0.590435,-1.510468,-2.334181,-2.471793,-2.439836,-2.660927,-3.073762,1.0,51.110001000000004
0.137606,0.648712,-1.100845,-0.469575,-0.469575,-0.452133,-1.554944,-1.8871630000000001,-1.9775900000000002,-1.976017,-2.565363,0.0,50.869999
-1.918233,0.232513,-2.13137,1.454688,1.454688,-1.236194,-2.5731450000000002,-3.053672,-3.218369,-3.1807790000000002,-3.808693,1.0,51.610001000000004
0.272374,0.583658,-0.7782100000000001,-0.406898,-0.406898,-0.466926,-1.764591,-2.378729,-2.731518,-2.6498060000000003,-3.145266,0.0,51.400002
-0.36686599999999997,0.115852,-0.849585,0.7587550000000001,0.7587550000000001,-0.838,-2.00811,-2.8679930000000002,-3.218768,-3.22765,-3.595932,1.0,51.790001000000004
0.19308699999999998,0.598571,-0.36686599999999997,0.0,0.0,-0.575401,-1.689515,-2.6028189999999998,-2.9581,-3.0917169999999996,-3.3783870000000005,0.0,51.790001000000004
-1.012416,0.076409,-1.489971,1.0812899999999999,1.0812899999999999,-1.0735430000000001,-2.17001,-3.24992,-3.7640879999999997,-4.0137529999999995,-4.134989,1.0,52.349998
0.095859,0.766871,-0.134202,-0.362942,-0.362942,-0.502301,-1.3899540000000001,-2.56774,-3.182515,-3.491565,-3.5851230000000003,0.0,52.16
-1.748778,0.282061,-2.538548,1.9555209999999998,1.9555209999999998,-1.7412560000000001,-2.769838,-3.9488529999999997,-4.669989,-5.138022,-5.213739,1.0,53.18
-0.408315,0.148478,-1.2620639999999999,1.316284,1.316284,-2.242019,-3.4632519999999998,-4.620143,-5.537305,-6.026726,-6.191537,1.0,53.880001
0.502326,0.837209,-0.186047,-0.241277,-0.241277,-1.2762790000000002,-2.7386049999999997,-3.9417050000000002,-4.934883999999999,-5.452651,-5.733953,0.0,53.75
0.875396,0.875396,-0.894021,-0.11162799999999999,-0.11162799999999999,-0.666791,-2.104675,-3.296703,-4.415161,-5.06612,-5.452287999999999,0.0,53.689999
0.03739,0.299121,-1.1404,-0.37250900000000003,-0.37250900000000003,0.201907,-1.387175,-2.4939240000000003,-3.692279,-4.431482,-4.875678,0.0,53.490002000000004
-0.093197,0.44734399999999996,-0.857409,0.299121,0.299121,0.07828500000000001,-1.261883,-2.388319,-3.5731589999999995,-4.388443,-4.961168,0.0,53.650002
-1.2877120000000002,2.041943,-1.857984,1.323392,1.323392,-1.052244,-2.078734,-3.227864,-4.3598230000000004,-5.3075790000000005,-5.889133999999999,1.0,54.360001000000004
-1.1313870000000001,0.018248,-1.69708,0.809419,0.809419,-1.4635040000000001,-2.315693,-3.555961,-4.702555,-5.69781,-6.297445,1.0,54.799999
1.9840529999999998,2.855553,-0.24105300000000002,-1.587591,-1.587591,0.215094,-0.446876,-1.6218549999999998,-2.741517,-3.8294080000000004,-4.537982,-1.0,53.93
-0.424354,0.01845,-1.254613,0.500649,0.500649,-0.02214,-0.566421,-1.7933580000000002,-2.833948,-3.9675279999999997,-4.739852,0.0,54.200001
1.6014899999999999,1.787709,-0.6517689999999999,-0.922509,-0.922509,0.927374,0.45623800000000003,-0.59342,-1.6275600000000001,-2.744879,-3.57666,-1.0,53.700001
4.338112000000001,5.585552,-0.539937,0.018622,0.018622,0.666543,0.405883,-0.373611,-1.375908,-2.428598,-3.3569169999999997,0.0,53.709998999999996
-3.49875,0.196358,-3.891467,4.300875,4.300875,-3.048911,-3.329168,-3.9783410000000003,-5.004462999999999,-6.032131,-6.96775,1.0,56.02
-2.470629,0.794748,-3.0234970000000003,3.320243,3.320243,-4.7995849999999995,-5.711818,-6.427091000000001,-7.451624000000001,-8.463027,-9.460378,1.0,57.880001
-1.027045,0.581992,-1.780212,0.9329649999999999,0.9329649999999999,-4.234851,-5.739473,-6.577656,-7.724238000000001,-8.729202,-9.792879,1.0,58.419998
0.06865800000000001,0.532098,-1.064195,-0.273879,-0.273879,-2.406454,-4.689324,-5.739787000000001,-6.8820809999999994,-7.943014,-9.031926,0.0,58.259997999999996
-2.153432,0.20188399999999998,-2.674966,2.025403,2.025403,-2.415882,-5.726783,-6.987438,-8.087147,-9.189772,-10.264692,1.0,59.439999
-0.43355,0.383525,-0.83375,0.891655,0.891655,-1.960981,-5.697849,-7.118003,-8.217443,-9.401367,-10.511367,1.0,59.970001
0.552856,0.787402,-1.340258,-0.4669,-0.4669,-0.8946219999999999,-4.290501,-6.012174,-7.1720559999999995,-8.385324,-9.514714999999999,0.0,59.689999
1.712445,1.712445,-0.288233,-1.1894790000000002,-1.1894790000000002,0.48830100000000004,-2.3279080000000003,-4.260201,-5.476433,-6.782638,-7.915112,-1.0,58.98
0.513347,0.513347,-0.821355,-0.915565,-0.915565,1.4784389999999998,-0.614305,-2.829113,-4.152977,-5.439425,-6.609058,-1.0,58.439999
0.829732,0.916162,-1.348315,-1.009583,-1.009583,1.963699,1.114952,-1.435897,-2.832325,-4.056007,-5.250937,-1.0,57.849998
-0.36483699999999997,0.555942,-0.642807,-0.501296,-0.501296,1.6400279999999998,1.891939,-0.619643,-2.0118139999999998,-3.171647,-4.400046,-1.0,57.560001
0.33060700000000004,1.322429,-1.183226,-0.156359,-0.156359,1.026623,1.980164,-0.053361,-1.5294940000000001,-2.6636509999999998,-3.867525,0.0,57.470001
0.526501,1.316251,-0.0351,-0.852619,-0.852619,1.193401,2.604423,1.131391,-0.376448,-1.488241,-2.7266880000000002,-1.0,56.98
-2.789116,0.45918400000000004,-2.857143,3.1941029999999997,3.1941029999999997,-1.8163259999999999,-0.479592,-1.420635,-3.022109,-4.155101999999999,-5.318027,1.0,58.799999
1.434001,1.485833,-0.190048,-1.564626,-1.564626,-0.245335,0.832757,0.626584,-1.176572,-2.355218,-3.462336,-1.0,57.880001
-0.430145,0.430145,-1.22161,0.41465100000000005,0.41465100000000005,-0.464556,0.09807300000000001,0.45193900000000004,-1.299037,-2.4576740000000004,-3.497935,0.0,58.119999
-1.038651,0.544866,-1.242976,1.049553,1.049553,-1.0693,-1.105057,-0.49491999999999997,-1.915546,-3.127533,-4.138146,1.0,58.73
-0.11826300000000001,0.557527,-0.625106,0.783245,0.783245,-1.091401,-1.838148,-1.181506,-2.256293,-3.4951849999999998,-4.487245,1.0,59.189999
0.067442,0.809307,-0.236048,0.202737,0.202737,-1.119541,-1.8900689999999998,-1.263418,-1.9811159999999999,-3.3087169999999997,-4.335975,0.0,59.310001
0.45638900000000004,1.0480049999999999,-0.30426,-0.25290799999999997,-0.25290799999999997,-0.436105,-1.419878,-1.044625,-1.271974,-2.739013,-3.795921,0.0,59.16
1.0508469999999999,1.40678,-0.084746,-0.270453,-0.270453,0.132203,-0.908475,-0.885876,-0.751695,-2.1905080000000003,-3.2384180000000002,0.0,59.0
-0.15123499999999998,0.756175,-0.453705,0.8644069999999999,0.8644069999999999,-0.46378800000000003,-1.414888,-1.7554470000000002,-1.4653,-2.6536720000000003,-3.741668,1.0,59.509997999999996
-0.18565399999999999,0.776371,-0.236287,-0.43690100000000004,-0.43690100000000004,-0.006751000000000001,-0.599156,-1.293952,-0.9628690000000001,-1.88557,-2.995218,0.0,59.25
0.6269060000000001,0.728567,-1.338529,-0.38818600000000003,-0.38818600000000003,0.284649,-0.174517,-0.8437819999999999,-0.512538,-1.142663,-2.313905,0.0,59.02
1.008375,1.3501969999999999,-0.188002,-0.8641139999999999,-0.8641139999999999,0.936592,0.803281,0.09571,0.275167,0.047171,-1.2260010000000001,-1.0,58.509997999999996
0.775728,1.430788,-0.034477,-0.854555,-0.854555,1.465265,1.6531630000000002,1.010171,0.9705219999999999,1.046716,-0.190197,-1.0,58.009997999999996
0.552773,1.0019,-0.46640200000000004,-0.20686100000000002,-0.20686100000000002,1.115909,1.718777,1.267922,1.024356,1.256866,0.24471700000000002,0.0,57.889998999999996
2.385159,2.6501770000000002,-0.176678,-2.228364,-2.228364,2.484099,3.579505,3.5312129999999997,3.1166080000000003,3.436042,2.670789,-1.0,56.599998
-1.667246,0.034733999999999994,-1.7193470000000002,1.7314490000000002,1.7314490000000002,0.23966700000000002,1.516151,1.62788,1.286905,1.628343,1.147968,1.0,57.580002
-0.259875,0.4158,-0.693001,0.24314000000000002,0.24314000000000002,-0.2772,1.0204440000000001,1.362901,1.0299719999999999,1.2626469999999999,1.134211,0.0,57.720001
-0.722643,1.5485200000000001,-0.722643,0.693001,0.693001,-0.9256709999999999,0.173778,0.6652899999999999,0.382829,0.438403,0.558614,1.0,58.119999
-1.9634619999999998,0.495134,-2.117125,0.7742600000000001,0.7742600000000001,-1.4546700000000001,-0.75636,-0.126345,-0.29451900000000003,-0.40976599999999996,-0.17472000000000001,1.0,58.57
-0.561129,0.459106,-0.935215,0.40976599999999996,0.40976599999999996,-1.1052540000000002,-1.236184,-0.5769989999999999,-0.545826,-0.82775,-0.559995,0.0,58.810001
-0.323184,0.44225200000000003,-0.782446,-0.034008,-0.034008,-0.659976,-1.241708,-0.602143,-0.512842,-0.770199,-0.496116,0.0,58.790001000000004
-0.40747,0.254669,-0.40747,0.187107,0.187107,-0.44482200000000005,-1.359932,-0.817204,-0.612054,-0.8842110000000001,-0.712507,0.0,58.900002
-0.69175,0.286823,-1.872786,0.628183,0.628183,-0.6782520000000001,-1.763118,-1.405995,-1.1354819999999999,-1.387549,-1.371689,1.0,59.27
0.697991,1.685393,-0.680967,-0.8942129999999999,-0.8942129999999999,0.275792,-0.7320399999999999,-0.603791,-0.242594,-0.411304,-0.535694,-1.0,58.740002000000004
1.210026,1.521176,-0.172861,-1.515152,-1.515152,1.4866030000000001,1.011236,0.764045,1.176318,1.180985,0.929415,-1.0,57.849998
0.12098199999999999,1.503629,-0.17283099999999998,0.017286000000000003,0.017286000000000003,1.147598,1.042171,0.612974,1.0335290000000001,1.098514,0.8785569999999999,0.0,57.860001000000004
-0.378984,0.568475,-0.964686,0.328379,0.328379,0.523686,0.768303,0.23083499999999998,0.6072350000000001,0.779328,0.559862,0.0,58.049999
-1.111681,0.08551399999999999,-1.5734569999999999,0.723514,0.723514,-0.472037,0.104327,-0.436691,-0.16076600000000002,0.07935700000000001,-0.110598,1.0,58.470001
0.18825899999999998,0.68458,-0.479206,-0.068411,-0.068411,-0.510012,0.148896,-0.30691999999999997,-0.184837,0.127332,0.012551,0.0,58.43
-0.205409,0.308114,-1.163985,-0.017113999999999997,-0.017113999999999997,-0.29784299999999997,0.099281,-0.082164,-0.238788,0.091749,0.11183399999999999,0.0,58.419998
0.639364,0.8294450000000001,-0.155521,-0.941458,-0.941458,0.653188,0.8916540000000001,0.9008700000000001,0.609988,0.943494,1.009735,-1.0,57.869999
0.43455600000000005,1.1472280000000001,-0.295498,-0.5875239999999999,-0.5875239999999999,1.067269,1.249783,1.475172,1.119416,1.426734,1.586419,-1.0,57.529999
-1.7079419999999998,0.375747,-1.7079419999999998,1.772988,1.772988,-0.666097,-0.637062,-0.243666,-0.596072,-0.370965,-0.158839,1.0,58.549999
-1.616434,0.084189,-2.020542,1.4346709999999998,1.4346709999999998,-1.747769,-1.932985,-1.562553,-1.875737,-1.7881799999999999,-1.533928,1.0,59.389998999999996
-1.621175,0.463193,-1.836228,1.7848119999999998,1.7848119999999998,-2.799007,-3.222498,-3.107803,-3.2779160000000003,-3.430935,-3.191067,1.0,60.450001
-2.015154,0.193455,-2.579397,2.61373,2.61373,-3.9335809999999998,-5.015315,-5.227578,-5.382879,-5.696599,-5.510774,1.0,62.029999
-0.224755,0.61005,-0.545834,0.419152,0.419152,-2.806229,-4.731096,-5.260342,-5.410981,-5.847487,-5.737679,0.0,62.290001000000004
1.167066,1.167066,-0.047962,0.41740200000000005,0.41740200000000005,-1.931255,-4.474819999999999,-5.304556,-5.45004,-5.9485209999999995,-5.940314,0.0,62.549999
0.702539,0.989941,-0.303369,0.127898,0.127898,-1.021875,-3.9262339999999996,-5.011443,-5.2466870000000005,-5.765927,-5.894406,0.0,62.630001
0.0,0.270787,-0.748646,0.239502,0.239502,-0.516088,-3.461293,-4.7148769999999995,-5.156897,-5.5973239999999995,-5.931826,0.0,62.779999
-0.047506,0.760095,-0.728424,0.58936,0.58936,-0.74426,-3.190815,-4.7147,-5.367379,-5.797625,-6.264977,1.0,63.150002
0.779634,1.3524260000000001,-0.222753,-0.475059,-0.475059,-0.092283,-1.882259,-3.750729,-4.601432,-5.02148,-5.587378,0.0,62.849998
-1.42232,0.156299,-1.9693650000000003,1.7979319999999999,1.7979319999999999,-1.409816,-2.76649,-4.876524,-5.9182559999999995,-6.332604,-6.943836999999999,1.0,63.98
-0.17163399999999998,0.031206,-0.795756,0.171929,0.171929,-1.12342,-2.200031,-4.451033,-5.66235,-6.148853,-6.781089,0.0,64.089996
-0.296921,0.06251,-0.859509,-0.156031,-0.156031,-0.590717,-1.493983,-3.7214150000000004,-5.035162000000001,-5.678387,-6.250456,0.0,63.990002000000004
0.7068800000000001,1.193842,-0.157085,-0.515706,-0.515706,0.084826,-0.727301,-2.615981,-4.087339,-4.883443,-5.44612,-1.0,63.66
-2.858453,0.030572000000000002,-2.858453,2.764687,2.764687,-1.822073,-2.919596,-4.431876,-6.104403,-7.043717,-7.597575,1.0,65.41999799999999
0.8146329999999999,1.198893,-0.261297,-0.55029,-0.55029,-0.946818,-1.996619,-3.2359869999999997,-5.078389,-6.173378,-6.73071,-1.0,65.059998
0.138228,0.706497,-0.322531,0.076852,0.076852,-0.709568,-1.690984,-2.7246200000000003,-4.638304,-5.854093,-6.467516000000001,0.0,65.110001
-3.7565519999999997,0.058240999999999994,-4.062318,5.483029,5.483029,-4.504951,-5.94205,-6.982139999999999,-8.848282000000001,-10.117064,-10.85032,1.0,68.68
0.072897,0.102056,-1.603732,-0.131043,-0.131043,-2.94212,-5.025514,-6.222481,-7.947222999999999,-9.373378,-10.257083,0.0,68.589996
0.8679020000000001,1.162107,-0.073551,-0.889342,-0.889342,-1.318035,-3.418653,-4.822987,-6.352604,-7.975875,-9.006571000000001,-1.0,67.980003
-1.833405,0.057745000000000005,-2.0499490000000002,1.8976169999999999,1.8976169999999999,-1.940234,-4.453588,-5.948703,-7.322794999999999,-9.065973,-10.219913,1.0,69.269997
-1.378428,0.22737,-1.492113,1.5879889999999999,1.5879889999999999,-1.978116,-5.054711,-6.685614,-7.991332000000001,-9.808725,-11.072427000000001,1.0,70.370003
4.915815,5.081179,-0.420926,-5.471081,-5.471081,3.0457009999999998,0.8208059999999999,-0.9100020000000001,-2.2098619999999998,-4.101624,-5.49108,-1.0,66.519997
-3.3965019999999995,0.43731800000000004,-4.329446,3.126879,3.126879,-0.075802,-1.516035,-3.38484,-4.696064,-6.383674,-7.834791,1.0,68.599998
1.168985,1.775673,-1.30216,-1.48688,-1.48688,1.313998,0.290027,-1.459998,-2.8662330000000003,-4.375851,-5.973661,-1.0,67.58000200000001
-0.637312,1.491889,-1.332561,2.160403,2.160403,-0.895133,-1.254345,-3.055234,-4.450319,-5.790267,-7.451719000000001,1.0,69.040001
-0.45311,5.313745,-2.293011,5.489571,5.489571,-5.376905000000001,-5.332967,-7.300105,-8.722367,-9.954689,-11.608769,1.0,72.83000200000001
-5.107423000000001,0.038595,-5.68635,6.727997,6.727997,-8.457481,-10.13637,-11.96535,-13.514729999999998,-14.741798000000001,-16.35276,1.0,77.730003
0.394754,1.337069,-0.6621670000000001,1.029204,1.029204,-6.861072,-9.786069,-11.599813000000001,-13.416529,-14.769897,-16.327942,1.0,78.529999
2.101985,2.335539,-0.220579,-1.859162,-1.859162,-2.633969,-6.897625,-8.917435000000001,-10.853769,-12.388219,-13.897756,-1.0,77.07
0.8018930000000001,0.933351,-1.0648090000000001,-1.2975219999999998,-1.2975219999999998,0.49428199999999994,-4.779808,-6.7551820000000005,-8.887209,-10.525569,-11.998159,-1.0,76.07
-0.48214799999999997,0.560334,-1.250977,0.880768,0.880768,0.6359130000000001,-4.781079,-6.558944,-8.858483,-10.57128,-12.012857,1.0,76.739998
-1.728111,0.48643100000000006,-1.740911,1.7982799999999999,1.7982799999999999,-1.041987,-4.978239,-7.403994,-9.564132,-11.365591,-12.813193,1.0,78.120003
-1.854475,0.6567930000000001,-1.9832580000000002,-0.601638,-0.601638,-0.669672,-3.237605,-6.06568,-8.115905,-10.082164,-11.614939,-1.0,77.650002
0.362131,1.2027940000000001,-0.181066,-0.42498400000000003,-0.42498400000000003,-0.181066,-1.564925,-4.859458,-6.954216000000001,-8.949819,-10.589757,0.0,77.32
-0.7983520000000001,0.901365,-1.0816379999999999,0.43973100000000004,0.43973100000000004,-0.208602,-0.885913,-4.555756,-6.5503480000000005,-8.643832000000002,-10.332646,0.0,77.660004
-1.504325,0.188041,-1.7299740000000001,2.716971,2.716971,-2.088505,-2.6375830000000002,-6.294764,-8.103297,-10.274038000000001,-11.988216,1.0,79.769997
0.8698940000000001,1.538074,-1.1220370000000002,-0.564122,-0.564122,-1.230459,-1.884771,-4.687343,-6.911246,-8.991931,-10.793830999999999,-1.0,79.32
5.737051999999999,6.4010620000000005,-2.642762,-5.068079,-5.068079,3.4183269999999997,2.924303,0.994245,-1.496016,-3.5150069999999998,-5.493581,-1.0,75.300003
0.0,1.368008,-3.562238,-1.952191,-1.952191,4.532033,4.534742,3.569461,0.8614379999999999,-1.138291,-3.116168,-1.0,73.83000200000001
0.87108,1.045296,-1.675154,1.070026,1.070026,2.61056,3.233717,2.9715,0.152104,-1.6724740000000002,-3.6665769999999998,1.0,74.620003
0.833557,1.599892,-1.4520030000000002,-0.32163,-0.32163,1.492337,3.249529,3.442682,0.7448239999999999,-0.8566819999999999,-2.8945950000000003,0.0,74.379997
-1.7700310000000001,0.972842,-1.99973,-0.497446,-0.497446,0.564789,3.2103770000000003,3.624735,1.754493,-0.072963,-1.957844,0.0,74.010002
-0.9304209999999999,1.227077,-1.05178,0.202675,0.202675,0.053937,2.531014,3.022294,1.923544,0.025351,-1.6841959999999998,0.0,74.160004
1.0931170000000001,1.9973009999999998,-0.5533060000000001,-0.08090599999999999,-0.08090599999999999,0.207827,2.179487,2.838506,2.4460189999999997,0.43670699999999996,-1.214125,0.0,74.099998
1.504788,2.366621,-0.082079,-1.349528,-1.349528,1.162791,2.953488,3.9744639999999998,4.125171,2.0202459999999998,0.503876,-1.0,73.099998
0.082136,1.067762,-0.944559,-0.068399,-0.068399,0.867899,2.104038,3.708875,4.211499,2.2368240000000004,0.934976,0.0,73.050003
0.492813,0.971937,-0.5612590000000001,0.0,0.0,0.605065,1.245722,3.246178,3.891171,2.5943869999999998,1.134383,0.0,73.050003
0.041164,1.866081,-0.34303,-0.232717,-0.232717,0.48847399999999996,1.149835,3.050677,3.7458839999999998,3.068606,1.566502,0.0,72.879997
-0.21748,0.910697,-1.930135,0.9467620000000001,0.9467620000000001,-0.59807,0.165828,1.74437,2.535001,2.42762,0.867201,1.0,73.57
3.077139,3.4565129999999997,-0.042152999999999996,-3.2621990000000003,-3.2621990000000003,2.211606,3.058873,4.567468,5.648448,6.001405,4.357641,-1.0,71.16999799999999
-2.415723,0.068241,-3.9306669999999997,2.9506810000000003,2.9506810000000003,-0.657841,-0.046404,0.9790270000000001,2.38365,2.987307,1.498567,1.0,73.269997
0.5515720000000001,0.5515720000000001,-1.682294,-1.023611,-1.023611,0.223387,0.781853,1.3982350000000001,3.056398,3.7650300000000003,2.824049,-1.0,72.519997
-0.831289,1.226492,-0.913055,1.1858799999999998,1.1858799999999998,-0.814936,-0.505587,0.035432,1.5576450000000002,2.268193,1.8361040000000002,1.0,73.379997
2.025808,2.5808240000000002,-0.374636,-1.7852279999999998,-1.7852279999999998,0.571666,1.0212290000000002,1.6909490000000003,3.039406,3.849591,3.894825,-1.0,72.07
-1.651201,0.6959609999999999,-1.651201,1.678923,1.678923,-0.5131,-0.622271,-0.11008,1.039165,1.982533,2.3721799999999997,1.0,73.279999
-0.751366,0.901639,-1.502732,-0.10917,-0.10917,-0.423497,-0.49316899999999997,-0.108379,0.70082,1.9005459999999998,2.500911,0.0,73.199997
-1.555168,0.683738,-1.850114,1.898907,1.898907,-1.7240919999999997,-2.141038,-1.9180409999999999,-1.4928270000000001,-0.187693,0.450463,1.0,74.589996
0.30880799999999997,1.020408,-0.886144,-0.147473,-0.147473,-1.283566,-1.781686,-1.7445400000000002,-1.40239,-0.21052600000000002,0.417562,0.0,74.480003
-1.8840580000000002,0.592885,-2.345191,1.906552,1.906552,-2.121212,-3.3122529999999997,-3.424682,-3.110672,-2.1523060000000003,-1.512516,1.0,75.900002
-1.177079,0.426853,-1.823826,1.8577080000000001,1.8577080000000001,-2.863795,-4.281464,-4.823007,-4.703790000000001,-3.954986,-3.255293,1.0,77.309998
1.506616,1.8210400000000002,-0.7205550000000001,-1.267624,-1.267624,-0.7965409999999999,-2.6516439999999997,-3.3145550000000004,-3.3525480000000005,-2.902135,-2.031093,-1.0,76.33000200000001
0.367406,0.971001,-0.314919,-0.157212,-0.157212,-0.21519499999999997,-2.0141709999999997,-2.885885,-3.056029,-2.9124790000000003,-1.960373,0.0,76.209999
0.42049899999999996,0.565046,-0.38107800000000003,-0.14433800000000002,-0.14433800000000002,0.354796,-1.515112,-2.463425,-2.788436,-2.730092,-1.886553,0.0,76.099998
-1.9749580000000002,0.348522,-2.220214,1.8002630000000002,1.8002630000000002,-1.014586,-2.5597,-3.852674,-4.2900480000000005,-4.262295,-3.615163,1.0,77.470001
-0.790514,0.089252,-2.0655360000000003,1.2391889999999999,1.2391889999999999,-1.940584,-3.095754,-4.412427,-5.121765,-5.239832,-4.762208,1.0,78.43
0.33320500000000003,1.255927,-0.845829,-0.510009,-0.510009,-1.0021790000000002,-1.9800080000000002,-3.515742,-4.316288,-4.566961,-4.3483279999999995,-1.0,78.029999
-2.018927,0.025237,-2.031546,1.563501,1.563501,-1.758991,-2.900946,-4.4349110000000005,-5.3981069999999995,-5.771609,-5.823764,1.0,79.25
-0.502071,0.301243,-0.815865,0.529968,0.529968,-1.380695,-2.761391,-4.412368,-5.470692,-5.991716,-6.1374,0.0,79.66999799999999
-1.422387,0.34631999999999996,-1.954236,1.48111,1.48111,-1.9839209999999998,-3.568336,-5.083488,-6.400124,-7.029808999999999,-7.217892999999999,1.0,80.849998
-0.63835,0.036828,-1.39946,0.754484,0.754484,-1.973975,-3.780997,-5.124805,-6.469433,-7.315492,-7.632785,1.0,81.459999
2.622005,3.864007,-1.957094,-2.148294,-2.148294,0.5996739999999999,-1.2445110000000001,-2.497386,-4.012043,-4.946431,-5.38201,-1.0,79.709999
-1.285893,0.973783,-1.947566,0.489274,0.489274,0.32209699999999997,-1.2397,-2.513525,-4.006241999999999,-5.0571779999999995,-5.589263,0.0,80.099998
1.107197,1.736286,-0.11323599999999999,-0.7740319999999999,-0.7740319999999999,1.05687,-0.044036,-1.333669,-2.873679,-3.984399,-4.629676,-1.0,79.480003
-0.175153,0.6130359999999999,-1.163518,0.56618,0.56618,0.257726,-0.299012,-1.553026,-2.928813,-4.206681,-4.923475,1.0,79.93
1.3099889999999998,1.511525,-1.62489,-0.6755909999999999,-0.6755909999999999,0.41818900000000003,0.500063,-0.708737,-1.883739,-3.14095,-4.0126800000000005,-1.0,79.389999
-2.076552,0.909193,-3.445954,12.218163,12.218163,-8.409473,-9.200809,-10.564597000000001,-11.674711,-12.976541000000001,-13.863509,1.0,89.089996
2.040816,2.508266,-1.083115,-1.5489950000000001,-1.5489950000000001,-5.233155,-6.807662,-8.283358,-9.537111,-10.914605,-11.951127,-1.0,87.709999
-2.596111,0.673884,-3.159523,3.2037400000000003,3.2037400000000003,-5.735749,-8.501988,-10.068493,-11.459346,-12.922669,-14.034835999999999,1.0,90.519997
-1.322115,0.76486,-1.322115,1.1047280000000002,1.1047280000000002,-4.2329550000000005,-8.335883,-10.02768,-11.573426,-13.024038000000001,-14.320367000000001,1.0,91.519997
-1.066286,1.165219,-1.593932,-0.600962,-0.600962,-1.108058,-6.736287,-8.564729,-10.288007,-11.720347,-13.076838,-1.0,90.970001
2.34375,2.921196,-0.067935,-2.913048,-2.913048,1.6847830000000001,-2.963089,-5.044535,-6.917459,-8.386775,-9.900739999999999,-1.0,88.32
-1.343785,0.974244,-1.444569,1.109601,1.109601,0.9249719999999999,-2.99776,-5.3363190000000005,-7.206047,-8.733258,-10.263158,1.0,89.300003
-0.8268110000000001,0.29765199999999997,-0.9811489999999999,1.5789469999999999,1.5789469999999999,-0.6019180000000001,-3.2675560000000003,-5.996398999999999,-7.843126,-9.436225,-11.021203,1.0,90.709999
0.441209,0.683874,-0.8713879999999999,-0.055121,-0.055121,-0.736819,-2.030664,-5.223178,-7.064857000000001,-8.735054,-10.288624,0.0,90.660004
-1.021517,0.510759,-1.6409479999999999,1.50011,1.50011,-1.975657,-2.106064,-5.858871,-7.699955999999999,-9.444467999999999,-10.935666000000001,1.0,92.019997
0.8027270000000001,1.451506,-0.142951,-1.173658,-1.173658,-0.23531999999999997,-0.7400479999999999,-3.9176010000000003,-5.893996,-7.726413000000001,-9.227694999999999,-1.0,90.940002
-1.3576629999999998,1.107853,-2.237428,1.242578,1.242578,-0.858043,-1.48474,-4.2301150000000005,-6.352775,-8.16987,-9.708917,1.0,92.07
0.10871900000000001,0.761035,-0.771907,-0.09775199999999999,-0.09775199999999999,-0.484888,-1.229615,-3.230412,-5.591977,-7.389432000000001,-8.986374,0.0,91.980003
-2.443391,0.16851,-2.738283,3.2289630000000002,3.2289630000000002,-2.69405,-3.957873,-5.202738,-7.802527,-9.549869000000001,-11.164473,1.0,94.949997
-0.254237,0.805085,-0.254237,-0.579252,-0.579252,-1.622881,-3.034958,-3.5903949999999996,-6.579979,-8.346186999999999,-10.043432000000001,-1.0,94.400002
-0.45144399999999996,0.472441,-1.6377950000000001,0.900424,0.900424,-1.595801,-3.172704,-4.019598,-6.5979,-8.440945,-10.184077,1.0,95.25
1.172866,1.8913779999999998,-0.7924770000000001,-0.64042,-0.64042,-0.41842799999999997,-1.984362,-2.9127919999999996,-5.227705,-7.200338,-8.956044,-1.0,94.639999
-0.46968000000000004,0.500992,-0.5740529999999999,1.236264,1.236264,-0.834986,-2.648993,-3.7302989999999996,-5.532825,-7.659742999999999,-9.382111,1.0,95.809998
-0.9917530000000001,0.6681279999999999,-1.2005430000000001,-0.020875,-0.020875,-0.638898,-2.09312,-3.4130220000000002,-4.685249,-7.016599,-8.725685,0.0,95.790001
-1.577061,0.716846,-1.8228369999999998,1.941748,1.941748,-1.865847,-3.381464,-4.796723,-5.565796,-8.124526,-9.808158,1.0,97.650002
0.214746,0.674916,-0.603334,0.143369,0.143369,-1.48686,-2.819307,-4.287419,-5.256161,-7.516514999999999,-9.263728,0.0,97.790001
1.971214,2.1172299999999997,-0.563204,-1.953165,-1.953165,0.734251,-0.48602399999999996,-1.9232369999999999,-2.942741,-5.015853,-6.878042,-1.0,95.879997
-1.452261,0.21629400000000001,-2.4822330000000004,1.261994,1.261994,-0.25749299999999997,-1.199918,-2.7074529999999997,-3.8139870000000005,-5.474096,-7.440519,1.0,97.089996
1.77416,2.431643,-0.43832200000000004,-1.308065,-1.308065,1.070758,0.200376,-1.05893,-2.314757,-3.557921,-5.692966,-1.0,95.82
-3.316583,0.653266,-3.6080400000000004,3.8405339999999994,3.8405339999999994,-2.295477,-2.9929650000000003,-4.217085,-5.498995,-6.316382,-8.57655,1.0,99.5
0.70267,0.9737,-0.8532420000000001,0.120603,0.120603,-2.045774,-2.67115,-3.751589,-5.045673000000001,-6.006424,-8.020478,0.0,99.620003
0.37958200000000003,1.288583,-0.70922,0.49186899999999995,0.49186899999999995,-1.680152,-2.601139,-3.6872769999999995,-4.970532,-5.971032,-7.804415,0.0,100.110001
0.790395,1.02051,-1.70085,-0.159824,-0.159824,-0.950475,-2.031015,-3.0015009999999998,-4.356178,-5.443121,-6.9741539999999995,0.0,99.949997
1.0629680000000001,1.3767969999999998,-0.11135899999999999,-1.170585,-1.170585,0.8220290000000001,-0.567929,-1.594115,-2.8123099999999996,-4.0291559999999995,-5.2362150000000005,-1.0,98.779999
-0.6036819999999999,0.51313,-1.468961,0.617534,0.617534,0.181105,-1.003119,-1.863366,-3.038032,-4.279304,-5.147064,1.0,99.389999
-0.976193,0.0,-1.504134,1.006137,1.006137,-0.663413,-1.7302520000000001,-2.4995849999999997,-3.5332209999999997,-4.751868,-5.716705,1.0,100.389999
-0.009918999999999999,1.04146,-0.099187,0.42833000000000004,0.42833000000000004,-0.946241,-1.6593930000000001,-2.5067779999999997,-3.5107120000000003,-4.7010510000000005,-5.68538,0.0,100.82
-0.586052,0.390701,-1.738621,1.547312,1.547312,-1.9808560000000002,-2.641141,-3.5644980000000004,-4.4730419999999995,-5.6972059999999995,-6.736342,1.0,102.379997
-0.495338,0.3108,-1.660839,0.566517,0.566517,-1.721057,-2.496115,-3.6434860000000002,-4.622183000000001,-5.750583,-6.891349000000001,1.0,102.959999
1.150216,1.209202,-1.18954,-1.204351,-1.204351,-0.064884,-1.089265,-2.202123,-3.099685,-4.220212,-5.40405,-1.0,101.720001
-1.429405,0.194477,-1.72112,1.101062,1.101062,-0.676779,-1.853364,-2.9398419999999996,-3.785978,-4.800467,-5.963633,1.0,102.839996
5.470191000000001,6.258963,-1.720959,-5.075846,-5.075846,3.978693,3.139725,2.36905,1.511473,0.517517,-0.6511640000000001,-1.0,97.620003
0.605252,1.015593,-0.718096,-0.143413,-0.143413,3.122692,3.034469,2.542744,1.742922,0.887567,-0.27698,0.0,97.480003
-2.2470790000000003,0.5492859999999999,-2.2470790000000003,2.718506,2.718506,-0.17177699999999999,0.442425,0.11584900000000001,-0.733047,-1.575552,-2.600952,1.0,100.129997
-0.683913,0.485677,-1.6651799999999999,0.759013,0.759013,-1.088314,-0.165527,-0.54647,-1.32025,-2.059669,-3.0415959999999997,1.0,100.889999
-1.2031690000000002,0.048908999999999994,-1.457498,1.328179,1.328179,-2.504157,-1.294141,-1.679872,-2.396557,-3.070332,-3.944374,1.0,102.230003
2.001394,2.558996,-0.567559,-1.760736,-1.760736,-0.197152,0.436125,0.103555,-0.420691,-1.102459,-1.945302,-1.0,100.43
-0.633224,0.10883499999999999,-1.157614,0.63726,0.63726,-0.11873,-0.329475,-0.456449,-0.854358,-1.52053,-2.266416,1.0,101.07
-1.8255970000000001,0.184502,-2.893766,1.889779,1.889779,-1.417751,-2.176151,-2.030815,-2.345601,-3.06778,-3.8191879999999996,1.0,102.980003
-1.21566,0.162726,-2.0867240000000002,1.446883,1.446883,-2.138413,-3.308127,-3.1039209999999997,-3.5005260000000002,-4.189145,-4.8696589999999995,1.0,104.470001
-2.80705,0.27977199999999997,-2.80705,2.641907,2.641907,-3.724704,-5.387485,-5.172682,-5.629487999999999,-6.3030870000000006,-6.945817,1.0,107.230003
0.854865,1.027759,-1.575257,-2.9096330000000004,-2.9096330000000004,-0.132552,-1.9287290000000001,-2.120193,-2.609259,-3.178945,-3.853936,-1.0,104.110001
1.71423,1.8603290000000001,-0.574657,-1.383152,-1.383152,1.579819,-0.047726,-0.728548,-1.110841,-1.6035840000000001,-2.282718,-1.0,102.66999799999999
-0.984556,1.148649,-1.245174,0.9058149999999999,0.9058149999999999,0.7876449999999999,-0.610039,-1.5785069999999999,-1.765927,-2.186486,-2.908623,1.0,103.599998
0.029001999999999997,0.8700700000000001,-0.628384,-0.15444000000000002,-0.15444000000000002,0.7443930000000001,-0.209783,-1.315416,-1.418213,-1.8828310000000001,-2.571861,0.0,103.440002
-0.37292,0.162555,-0.984892,1.102088,1.102088,-0.860585,-1.072863,-2.280232,-2.292503,-2.76267,-3.4174800000000003,1.0,104.58000200000001
0.20996399999999998,0.458103,-0.381752,0.191241,0.191241,-0.921932,-0.8465360000000001,-2.011198,-2.290036,-2.769994,-3.3187,0.0,104.779999
0.6641,0.885467,-0.606352,-0.8398549999999999,-0.8398549999999999,0.153994,0.26564,-0.769329,-1.389317,-1.794418,-2.28136,-1.0,103.900002
0.391932,0.726508,-0.487525,0.683349,0.683349,-0.33266399999999996,-0.25905700000000004,-1.157314,-1.979734,-2.238027,-2.6645,1.0,104.610001
-0.9276969999999999,0.23909699999999998,-2.352716,-0.047797000000000006,-0.047797000000000006,-0.070773,-0.202754,-0.876052,-1.7970540000000002,-1.993497,-2.456644,0.0,104.559998
0.047651,0.343086,-0.343086,0.353864,0.353864,-0.356428,-0.773849,-1.054036,-2.043743,-2.1660150000000002,-2.631913,0.0,104.93
0.609466,0.81897,-0.533283,0.076241,0.076241,-0.388534,-0.763737,-0.83865,-1.766498,-2.0809450000000003,-2.550551,0.0,105.010002
0.142558,0.6082489999999999,-0.332636,0.199981,0.199981,-0.336438,-0.719445,-0.773617,-1.594754,-2.168409,-2.57809,0.0,105.220001
0.791456,0.791456,-1.4875559999999999,-0.332636,-0.332636,0.045771,-0.266997,-0.322304,-1.0403360000000001,-1.769047,-2.059375,0.0,104.870003
-0.407854,0.341459,-1.128711,0.533994,0.533994,-0.320592,-0.6079859999999999,-0.791046,-1.350659,-2.150052,-2.388631,0.0,105.43
-1.798961,0.18545999999999999,-2.1977,2.285877,2.285877,-2.008531,-2.5268919999999997,-2.97045,-3.2951599999999996,-4.1513349999999996,-4.339763,1.0,107.839996
-1.112023,0.264333,-1.522195,1.73405,1.73405,-2.8219849999999997,-3.738948,-4.284021,-4.520554,-5.344271,-5.700179,1.0,109.709999
-0.5784,0.189788,-1.500226,0.8568040000000001,0.8568040000000001,-2.666064,-3.946679,-4.616358,-4.89878,-5.6723,-6.252146,1.0,110.650002
0.31656999999999996,0.497467,-1.564761,-0.081338,-0.081338,-1.557525,-3.330318,-4.11903,-4.4785639999999995,-5.218162,-5.946696,0.0,110.559998
1.7419349999999998,2.092166,0.0,-1.8632419999999998,-1.8632419999999998,0.8774190000000001,-1.131797,-1.987711,-2.479263,-3.138065,-3.9526879999999998,-1.0,108.5
0.5599930000000001,1.3403100000000001,-0.7068760000000001,0.396313,0.396313,0.679335,-1.15487,-2.108388,-2.786193,-3.274396,-4.145476,0.0,108.93
2.299065,2.439252,-0.719626,-1.77178,-1.77178,1.9887849999999998,0.8140189999999999,-0.204361,-0.8976639999999999,-1.2841120000000001,-2.124299,-1.0,107.0
0.23498400000000003,0.45116999999999996,-2.359244,-0.5700930000000001,-0.5700930000000001,1.772723,1.5020209999999998,0.523859,-0.15462,-0.5180939999999999,-1.283955,-1.0,106.389999
1.99745,2.524437,-1.1049719999999998,10.583701,10.583701,-6.762430999999999,-7.126222,-8.358125,-9.113472,-9.540502,-10.235444000000001,1.0,117.650002
1.6846130000000001,1.806183,-1.1201809999999999,-2.116447,-2.116447,-3.5897879999999995,-4.273185,-5.762996,-6.639458,-7.213267999999999,-7.881498,-1.0,115.160004
-0.665629,0.19018,-1.400415,0.451546,0.451546,-2.8561549999999998,-4.025761,-5.567081,-6.579357000000001,-7.338174,-7.908022,0.0,115.68
-3.0187720000000002,0.769491,-3.111788,2.23029,2.23029,-3.071199,-5.396584,-6.880319999999999,-8.047523,-8.881109,-9.414567,1.0,118.260002
-0.529946,0.336474,-1.287012,0.524269,0.524269,-1.475437,-5.197679,-6.599933,-7.897039,-8.810902,-9.387618,0.0,118.879997
0.451563,1.218369,-0.8520059999999999,-1.2701879999999999,-1.2701879999999999,-0.255602,-3.3978019999999995,-4.688308,-6.168527,-7.168442,-7.813183,-1.0,117.370003
0.042052,0.681245,-0.672834,1.3035700000000001,1.3035700000000001,-0.910008,-3.76619,-5.159518,-6.772917999999999,-7.842892999999999,-8.594897,1.0,118.900002
0.729927,1.332541,-1.2391780000000001,-0.908326,-0.908326,0.361568,-2.12952,-3.725457,-5.371329,-6.548634,-7.457421000000001,-1.0,117.82
0.596252,0.809199,-0.298126,-0.356476,-0.356476,0.574106,-0.893526,-2.94435,-4.505111,-5.784326999999999,-6.749006,0.0,117.400002
-0.8990090000000001,0.9998319999999999,-0.8990090000000001,1.3798979999999998,1.3798979999999998,-0.771299,-1.181314,-3.796561,-5.225172,-6.558561999999999,-7.560353999999999,1.0,119.019997
1.06834,1.5007629999999998,-0.618959,-0.9074110000000001,-0.9074110000000001,0.234017,-0.251823,-2.498446,-3.803205,-5.250805000000001,-6.308575,-1.0,117.940002
0.127248,0.44112700000000005,-0.254496,-0.050873,-0.050873,0.111978,0.029691000000000002,-1.918335,-3.226162,-4.750594,-5.852562,0.0,117.879997
0.178283,0.305629,-1.095169,-0.076349,-0.076349,0.18337699999999998,0.28525300000000003,-1.341936,-2.729858,-4.241107,-5.406797,0.0,117.790001
1.8504169999999998,2.521732,-0.077459,-1.35835,-1.35835,1.354678,1.4880799999999998,0.543937,-1.111541,-2.537568,-3.7768599999999997,-1.0,116.190002
3.517272,4.082548,-2.727681,-4.079525,-4.079525,4.306864,5.13773,5.122776,3.130103,1.831135,0.541349,-1.0,111.449997
0.797849,1.7212009999999998,-0.968176,0.089726,0.089726,3.067683,4.521739,4.663977,3.082026,1.979381,0.6585989999999999,0.0,111.550003
0.261827,1.119538,-2.663416,-0.708203,-0.708203,2.517154,4.532322,5.1456599999999995,3.919285,2.8992419999999997,1.56314,-1.0,110.760002
8.980512,9.088238,-2.1937130000000002,-7.809678999999999,-7.809678999999999,8.130447,11.848987,13.166846,12.3886,11.391637,10.074755999999999,-1.0,102.110001
-2.649007,1.1709379999999998,-3.4840199999999997,2.037019,2.037019,3.6682980000000005,8.34821,10.007359,10.010077,8.955946,7.851041,1.0,104.190002
-1.220326,0.600629,-1.754219,0.671849,0.671849,1.7256169999999997,6.2780059999999995,8.384022,9.204405,8.009152,7.120792999999999,1.0,104.889999
-1.708279,1.623803,-1.8396849999999998,1.573077,1.573077,-0.790313,3.562042,6.027783,6.991739999999999,6.18547,5.514048000000001,1.0,106.540001
0.758356,2.0129200000000003,-0.355772,0.25342600000000004,0.25342600000000004,-1.780732,2.263833,5.005148999999999,6.3304,5.853758999999999,5.2903910000000005,0.0,106.809998
-1.136469,0.157073,-2.346854,1.3294629999999998,1.3294629999999998,-1.938464,0.038806,3.036743,4.5911480000000005,4.439065,3.9209709999999998,1.0,108.230003
0.306634,0.71548,-0.47389,-0.563615,-0.563615,-0.745215,-0.190485,3.014929,4.689649,5.054079,4.445271,-1.0,107.620003
0.24132199999999998,2.246148,-0.8167810000000001,0.11150299999999999,0.11150299999999999,-0.326712,-0.646,2.2022150000000003,4.056061,4.987191,4.238908,0.0,107.739998
-1.550174,1.43093,-1.6235549999999999,1.188045,1.188045,-1.042011,-2.044579,0.456797,2.4513849999999997,3.437901,2.967957,1.0,109.019997
-1.5289139999999999,0.683515,-1.645831,1.990461,1.990461,-2.185448,-3.917619,-1.9048479999999999,0.105225,1.276374,1.0390620000000002,1.0,111.190002
3.15446,3.7527190000000004,-1.232777,-0.7824439999999999,-0.7824439999999999,-1.0351700000000001,-2.4157,-1.582669,0.55475,1.880711,1.8778700000000002,-1.0,110.32
0.44838900000000004,1.217057,-0.6497069999999999,-0.9427120000000001,-0.9427120000000001,0.21046900000000002,-1.0212299999999999,-1.0675940000000002,1.14019,2.5215959999999997,2.916972,-1.0,109.279999
1.0206899999999999,1.0206899999999999,-1.002299,-0.484993,-0.484993,0.884598,-0.183908,-0.750958,1.1609200000000002,2.648644,3.490881,0.0,108.75
-1.629549,0.633714,-2.7159150000000003,1.572414,1.572414,-0.41644,-1.3742530000000002,-2.35319,-0.743708,0.809343,1.6717970000000002,1.0,110.459999
1.282756,1.484332,-0.155763,-1.195003,-1.195003,0.412314,0.032069,-1.27115,0.05635,1.670881,2.7176099999999996,-1.0,109.139999
0.5727479999999999,0.711316,-0.526559,-0.815466,-0.815466,0.855427,0.856351,-0.08129299999999999,0.438337,2.153164,3.333333,-1.0,108.25
0.751391,1.846011,-0.25046399999999996,-0.415704,-0.415704,1.001855,1.294063,0.55906,0.46846000000000004,2.223377,3.441249,0.0,107.800003
-1.177115,0.200748,-2.2629799999999998,1.660482,1.660482,-0.494571,-0.19162300000000002,-0.7975180000000001,-1.257414,0.209508,1.469112,1.0,109.589996
-0.346147,0.400802,-1.3936959999999998,0.173373,0.173373,-0.790672,-0.295136,-0.772454,-1.5089270000000001,-0.26125,1.063035,0.0,109.779999
