-123321.000000,-123321.000000,-123321.000000,-123321.000000,-123321.000000,-123321.000000,-123321.000000,-123321.000000,-123321.000000,-123321.000000,-123321.000000,-123321.000000,-123321.000000
-123321.000000,-123321.000000,-123321.000000,-123321.000000,-123321.000000,-123321.000000,-123321.000000,-123321.000000,-123321.000000,-123321.000000,-123321.000000,-123321.000000,-123321.000000
-123321.000000,-123321.000000,-123321.000000,-123321.000000,-123321.000000,-123321.000000,-123321.000000,-123321.000000,-123321.000000,-123321.000000,-123321.000000,-123321.000000,-123321.000000
-123321.000000,-123321.000000,-123321.000000,-123321.000000,-123321.000000,-123321.000000,-123321.000000,-123321.000000,-123321.000000,-123321.000000,-123321.000000,-123321.000000,-123321.000000
-123321.000000,-123321.000000,-123321.000000,-123321.000000,-123321.000000,-123321.000000,-123321.000000,-123321.000000,-123321.000000,-123321.000000,-123321.000000,-123321.000000,-123321.000000
-123321.000000,-123321.000000,-123321.000000,-123321.000000,-123321.000000,-123321.000000,-123321.000000,-123321.000000,-123321.000000,-123321.000000,-123321.000000,-123321.000000,-123321.000000
-123321.000000,-123321.000000,-123321.000000,-123321.000000,-123321.000000,-123321.000000,-123321.000000,-123321.000000,-123321.000000,-123321.000000,-123321.000000,-123321.000000,-123321.000000
-123321.000000,-123321.000000,-123321.000000,-123321.000000,-123321.000000,-123321.000000,-123321.000000,-123321.000000,-123321.000000,-123321.000000,-123321.000000,-123321.000000,-123321.000000
-123321.000000,-123321.000000,-123321.000000,-123321.000000,-123321.000000,-123321.000000,-123321.000000,-123321.000000,-123321.000000,-123321.000000,-123321.000000,-123321.000000,-123321.000000
-123321.000000,-123321.000000,-123321.000000,-123321.000000,-123321.000000,-123321.000000,-123321.000000,-123321.000000,-123321.000000,-123321.000000,-123321.000000,-123321.000000,-123321.000000
-123321.000000,-123321.000000,-123321.000000,-123321.000000,-123321.000000,-123321.000000,-123321.000000,-123321.000000,-123321.000000,-123321.000000,-123321.000000,-123321.000000,-123321.000000
-123321.000000,-123321.000000,-123321.000000,-123321.000000,-123321.000000,-123321.000000,-123321.000000,-123321.000000,-123321.000000,-123321.000000,-123321.000000,-123321.000000,-123321.000000
-123321.000000,-123321.000000,-123321.000000,-123321.000000,-123321.000000,-123321.000000,-123321.000000,-123321.000000,-123321.000000,-123321.000000,-123321.000000,-123321.000000,-123321.000000
-123321.000000,-123321.000000,-123321.000000,-123321.000000,-123321.000000,-123321.000000,-123321.000000,-123321.000000,-123321.000000,-123321.000000,-123321.000000,-123321.000000,-123321.000000
-123321.000000,-123321.000000,-123321.000000,-123321.000000,-123321.000000,-123321.000000,-123321.000000,-123321.000000,-123321.000000,-123321.000000,-123321.000000,-123321.000000,-123321.000000
-123321.000000,-123321.000000,-123321.000000,-123321.000000,-123321.000000,-123321.000000,-123321.000000,-123321.000000,-123321.000000,-123321.000000,-123321.000000,-123321.000000,-123321.000000
-123321.000000,-123321.000000,-123321.000000,-123321.000000,-123321.000000,-123321.000000,-123321.000000,-123321.000000,-123321.000000,-123321.000000,-123321.000000,-123321.000000,-123321.000000
-123321.000000,-123321.000000,-123321.000000,-123321.000000,-123321.000000,-123321.000000,-123321.000000,-123321.000000,-123321.000000,-123321.000000,-123321.000000,-123321.000000,-123321.000000
-123321.000000,-123321.000000,-123321.000000,-123321.000000,-123321.000000,-123321.000000,-123321.000000,-123321.000000,-123321.000000,-123321.000000,-123321.000000,-123321.000000,-123321.000000
-123321.000000,-123321.000000,-123321.000000,-123321.000000,-123321.000000,-123321.000000,-123321.000000,-123321.000000,-123321.000000,-123321.000000,-123321.000000,-123321.000000,-123321.000000
-123321.000000,-123321.000000,-123321.000000,-123321.000000,-123321.000000,-123321.000000,-123321.000000,-123321.000000,-123321.000000,-123321.000000,-123321.000000,-123321.000000,-123321.000000
-123321.000000,-123321.000000,-123321.000000,-123321.000000,-123321.000000,-123321.000000,-123321.000000,-123321.000000,-123321.000000,-123321.000000,-123321.000000,-123321.000000,-123321.000000
-123321.000000,-123321.000000,-123321.000000,-123321.000000,-123321.000000,-123321.000000,-123321.000000,-123321.000000,-123321.000000,-123321.000000,-123321.000000,-123321.000000,-123321.000000
-123321.000000,-123321.000000,-123321.000000,-123321.000000,-123321.000000,-123321.000000,-123321.000000,-123321.000000,-123321.000000,-123321.000000,-123321.000000,-123321.000000,-123321.000000
-123321.000000,-123321.000000,-123321.000000,-123321.000000,-123321.000000,-123321.000000,-123321.000000,-123321.000000,-123321.000000,-123321.000000,-123321.000000,-123321.000000,-123321.000000
-123321.000000,-123321.000000,-123321.000000,-123321.000000,-123321.000000,-123321.000000,-123321.000000,-123321.000000,-123321.000000,-123321.000000,-123321.000000,-123321.000000,-123321.000000
-123321.000000,-123321.000000,-123321.000000,-123321.000000,-123321.000000,-123321.000000,-123321.000000,-123321.000000,-123321.000000,-123321.000000,-123321.000000,-123321.000000,-123321.000000
-123321.000000,-123321.000000,-123321.000000,-123321.000000,-123321.000000,-123321.000000,-123321.000000,-123321.000000,-123321.000000,-123321.000000,-123321.000000,-123321.000000,-123321.000000
-123321.000000,-123321.000000,-123321.000000,-123321.000000,-123321.000000,-123321.000000,-123321.000000,-123321.000000,-123321.000000,-123321.000000,-123321.000000,-123321.000000,-123321.000000
1.269841,1.269841,-1.269841,-0.316456,-0.316456,-1.015873,0.761905,-0.084656,-1.365079,-1.853968,-2.285714,0.000000,15750.000000
1.602564,1.923077,0.000000,-0.952381,-0.952381,0.064103,1.538462,1.175214,-0.224359,-0.756410,-1.207265,-1.000000,15600.000000
1.298701,1.948052,-0.324675,-1.282051,-1.282051,1.818182,2.240260,2.662338,1.217533,0.558442,0.119048,-1.000000,15400.000000
1.298701,1.948052,-0.324675,0.000000,0.000000,1.233766,1.655844,2.554113,1.412338,0.584416,0.205628,0.000000,15400.000000
1.298701,1.948052,-0.324675,0.000000,0.000000,0.714286,1.071429,2.445887,1.525974,0.649351,0.270563,0.000000,15400.000000
-2.507837,0.313480,-3.448276,3.571429,3.571429,-2.507837,-2.382445,-1.170324,-1.630094,-2.583072,-2.988506,1.000000,15950.000000
0.312500,1.875000,-1.250000,0.313480,0.313480,-2.312500,-2.375000,-1.437500,-1.593750,-2.637500,-3.083333,0.000000,16000.000000
-1.234568,0.617284,-1.543210,1.250000,1.250000,-2.530864,-2.870370,-2.716049,-2.438272,-3.530864,-4.094650,1.000000,16200.000000
-0.309598,0.619195,-0.619195,-0.308642,-0.308642,-1.300310,-2.383901,-2.476780,-1.981424,-2.897833,-3.622291,0.000000,16150.000000
1.250000,2.187500,0.000000,-0.928793,-0.928793,0.375000,-1.343750,-1.687500,-0.953125,-1.750000,-2.541667,-1.000000,16000.000000
-0.310559,0.621118,-0.931677,0.625000,0.625000,-0.062112,-1.739130,-2.215321,-1.583851,-2.049690,-2.919255,1.000000,16100.000000
2.208202,2.208202,-0.315457,-1.552795,-1.552795,1.324921,-0.031546,-0.525762,-0.047319,-0.264984,-1.209253,-1.000000,15850.000000
1.277955,1.597444,-0.638978,-1.261830,-1.261830,1.916933,1.405751,1.001065,1.006390,1.175719,0.202343,-1.000000,15650.000000
1.277955,1.597444,-0.638978,0.000000,0.000000,1.277955,1.565495,0.915868,0.798722,1.175719,0.383387,0.000000,15650.000000
-0.964630,0.643087,-1.286174,-0.638978,-0.638978,1.350482,2.315113,1.457663,1.205788,1.800643,1.136120,-1.000000,15550.000000
1.644737,2.960526,0.000000,-2.250804,-2.250804,2.500000,4.177631,3.552632,3.305921,3.894737,3.541667,-1.000000,15200.000000
0.657895,1.973684,-0.986842,0.000000,0.000000,1.644737,3.651316,3.377193,3.207237,3.710526,3.607456,0.000000,15200.000000
-0.326797,0.653595,-1.633987,0.657895,0.657895,0.522876,2.385621,2.657952,2.614379,2.758170,2.995643,1.000000,15300.000000
-0.326797,0.980392,-0.326797,0.000000,0.000000,0.065359,1.830065,2.614379,2.434640,2.496732,2.919390,0.000000,15300.000000
-2.857143,0.634921,-3.174603,2.941176,2.941176,-2.539683,-1.238095,-0.169312,-0.507937,-0.571429,0.000000,1.000000,15750.000000
1.273885,1.273885,-0.955414,-0.317460,-0.317460,-1.592357,-1.178344,0.042463,-0.207006,-0.305732,0.222930,0.000000,15700.000000
0.319489,0.638978,-1.597444,-0.318471,-0.318471,-0.702875,-0.990415,0.212993,0.127796,0.051118,0.489883,0.000000,15650.000000
1.294498,1.618123,-0.647249,-1.277955,-1.277955,0.776699,0.161812,1.186624,1.440129,1.449838,1.596548,-1.000000,15450.000000
-1.282051,0.641026,-1.282051,0.970874,0.970874,0.192308,-0.833333,-0.021368,0.528846,0.410256,0.470085,1.000000,15600.000000
0.645161,1.290323,-0.645161,-0.641026,-0.641026,0.516129,-0.225806,0.408602,1.209677,0.980645,0.946237,-1.000000,15500.000000
0.649351,1.298701,-0.649351,-0.645161,-0.645161,0.779221,0.551948,0.757576,1.688312,1.545455,1.493507,-1.000000,15400.000000
-2.555911,0.319489,-2.555911,1.623377,1.623377,-0.830671,-0.766773,-0.937167,-0.047923,-0.063898,-0.095847,1.000000,15650.000000
0.322581,1.290323,-0.322581,-0.958466,-0.958466,0.193548,0.322581,-0.043011,0.693548,0.929032,0.967742,-1.000000,15500.000000
2.884615,4.166667,0.000000,0.645161,0.645161,-0.448718,-0.128205,-0.705128,-0.128205,0.333333,0.267094,1.000000,15600.000000
1.986755,3.311258,0.000000,-3.205128,-3.205128,2.317881,2.748344,2.384106,2.880795,3.576159,3.432671,-1.000000,15100.000000
0.000000,0.000000,-1.315789,0.662252,0.662252,1.381579,1.743421,1.710526,1.907895,2.697368,2.631579,1.000000,15200.000000
0.657895,1.315789,-0.657895,0.000000,0.000000,0.789474,1.447368,1.710526,1.694079,2.486842,2.543860,0.000000,15200.000000
1.333333,1.333333,0.000000,-1.315789,-1.315789,1.466667,2.500000,2.933333,2.833333,3.533333,3.822222,-1.000000,15000.000000
0.334448,1.003345,-0.668896,-0.333333,-0.333333,0.936455,2.408027,3.121516,2.943144,3.558528,4.069119,0.000000,14950.000000
-0.664452,0.664452,-0.996678,0.668896,0.668896,0.199336,1.428571,2.126246,2.093023,2.617940,3.300111,1.000000,15050.000000
-0.660066,0.660066,-0.990099,0.664452,0.664452,-0.528053,0.594059,1.210121,1.402640,1.689769,2.442244,1.000000,15150.000000
-0.332226,0.664452,-1.328904,-0.660066,-0.660066,-0.066445,0.863787,1.616833,2.026578,2.152824,2.912514,-1.000000,15050.000000
0.333333,1.000000,-1.666667,-0.332226,-0.332226,0.266667,0.866667,1.755556,2.266667,2.320000,2.988889,0.000000,15000.000000
1.010101,1.346801,-0.673401,-1.000000,-1.000000,1.144781,1.380471,2.446689,3.148148,3.138047,3.737374,-1.000000,14850.000000
-0.671141,0.335570,-1.006711,0.336700,0.336700,0.604027,0.906040,1.834452,2.516778,2.617450,3.143177,0.000000,14900.000000
0.338983,1.016949,0.000000,-1.006711,-1.006711,1.084746,1.627119,2.576271,3.237288,3.538983,3.887006,-1.000000,14750.000000
-1.333333,0.666667,-2.333333,1.694915,1.694915,-0.666667,-0.200000,0.577778,1.300000,1.760000,1.966667,1.000000,15000.000000
1.351351,2.027027,-0.675676,-1.333333,-1.333333,0.405405,1.013514,1.621622,2.449324,3.000000,3.153153,-1.000000,14800.000000
0.680272,1.360544,-0.340136,-0.675676,-0.675676,0.884354,1.530612,1.904762,2.840136,3.537415,3.639456,-1.000000,14700.000000
0.682594,1.023891,-0.682594,-0.340136,-0.340136,0.887372,1.604096,2.047781,2.901024,3.590444,3.788396,0.000000,14650.000000
0.689655,1.034483,-0.344828,-1.023891,-1.023891,1.586207,2.206897,2.781609,3.655172,4.331035,4.701149,-1.000000,14500.000000
-1.027397,0.342466,-1.712329,0.689655,0.689655,0.342466,1.198630,1.803653,2.585616,3.328767,3.847032,1.000000,14600.000000
-2.000000,1.333333,-3.000000,2.739726,2.739726,-2.066667,-1.500000,-0.911111,-0.316667,0.453333,1.011111,1.000000,15000.000000
-3.525641,0.000000,-4.166667,4.000000,4.000000,-4.679487,-4.807693,-4.444445,-4.150641,-3.410256,-2.809829,1.000000,15600.000000
0.320513,0.320513,-1.923077,0.000000,0.000000,-3.461539,-4.358974,-4.209402,-3.990385,-3.384615,-2.841880,0.000000,15600.000000
-0.949367,2.215190,-2.215190,1.282051,1.282051,-3.037975,-4.905063,-5.147679,-5.015823,-4.506329,-4.050633,1.000000,15800.000000
1.273885,1.273885,-1.273885,-0.632911,-0.632911,-1.019108,-3.853503,-4.267516,-4.251592,-3.885350,-3.428875,-1.000000,15700.000000
0.323625,0.970874,-1.941748,-1.592357,-1.592357,1.165049,-1.877023,-2.524272,-2.556634,-2.343042,-1.866235,-1.000000,15450.000000
-0.322581,0.000000,-1.612903,0.323625,0.323625,0.709677,-1.677419,-2.559140,-2.693548,-2.683871,-2.204301,0.000000,15500.000000
0.000000,1.612903,-0.322581,0.000000,0.000000,0.580645,-1.129032,-2.301075,-2.548387,-2.580645,-2.204301,0.000000,15500.000000
-6.042296,3.323263,-6.042296,6.774194,6.774194,-4.894260,-6.163142,-7.774421,-8.308157,-8.435045,-8.177240,1.000000,16550.000000
-6.042296,3.323263,-6.042296,0.000000,0.000000,-3.867069,-4.984894,-7.150050,-7.854985,-8.108762,-7.995972,0.000000,16550.000000
0.898204,2.095808,-2.395210,0.906344,0.906344,-3.233533,-4.820359,-7.225549,-8.173653,-8.526946,-8.582834,1.000000,16700.000000
1.223242,1.834862,-0.917431,-2.095808,-2.095808,-0.122324,-2.324159,-4.566769,-5.749236,-6.226300,-6.472987,-1.000000,16350.000000
-1.818182,0.000000,-1.818182,0.917431,0.917431,0.181818,-2.666667,-4.686869,-6.121212,-6.727273,-7.040404,1.000000,16500.000000
-1.818182,0.000000,-1.818182,0.000000,0.000000,0.121212,-2.242424,-3.878788,-5.590909,-6.400000,-6.777778,0.000000,16500.000000
3.773585,4.088050,-0.628931,-3.636364,-3.636364,3.081761,1.572327,0.293501,-1.745283,-2.654088,-3.113208,-1.000000,15900.000000
0.946372,1.892744,-1.577287,-0.314465,-0.314465,2.334385,2.145110,0.967403,-1.104101,-2.132492,-2.628812,0.000000,15850.000000
0.630915,1.261830,-0.630915,0.000000,0.000000,1.703470,2.365931,1.072555,-0.741325,-1.880126,-2.439537,0.000000,15850.000000
-1.851852,0.925926,-2.160494,2.208202,2.208202,-0.864198,0.586420,-0.864198,-2.407408,-3.679012,-4.310699,1.000000,16200.000000
-7.365439,0.849858,-8.215298,8.950617,8.950617,-7.705382,-7.053824,-8.309726,-9.532578,-10.934844,-11.699717,1.000000,17650.000000
-1.396648,1.396648,-4.189944,1.416431,1.416431,-6.759777,-7.597765,-8.770949,-9.874302,-11.530726,-12.402235,1.000000,17900.000000
1.483680,3.857567,-0.593472,-5.865922,-5.865922,0.237389,-1.750742,-2.532146,-3.709199,-5.531157,-6.577646,-1.000000,16850.000000
0.298507,3.283582,-1.791045,-0.593472,-0.593472,1.910448,-0.925373,-1.452736,-2.791045,-4.477612,-5.641791,-1.000000,16750.000000
-2.023121,1.445087,-2.023121,3.283582,3.283582,-0.057803,-3.612717,-3.892100,-5.390173,-6.901734,-8.179191,1.000000,17300.000000
0.583090,1.457726,-0.874636,-0.867052,-0.867052,0.233236,-2.390671,-2.818270,-4.169096,-5.469388,-6.909621,-1.000000,17150.000000
0.583090,1.457726,-0.874636,0.000000,0.000000,-0.641399,-1.661808,-2.585034,-3.746356,-4.874636,-6.491740,0.000000,17150.000000
0.000000,0.588235,-2.352941,-0.874636,-0.874636,0.411765,-0.117647,-1.607843,-2.441176,-3.564706,-5.235294,-1.000000,17000.000000
0.294985,0.884956,-1.769912,-0.294118,-0.294118,0.943953,0.825959,-1.081613,-1.725664,-2.961652,-4.513274,0.000000,16950.000000
-3.614458,0.602410,-3.614458,-2.064897,-2.064897,2.228916,3.192771,1.044177,0.677711,-0.674699,-2.108434,-1.000000,16600.000000
-0.864553,2.593660,-2.593660,4.518072,4.518072,-1.959654,-1.440922,-2.997118,-3.443804,-4.610951,-5.792507,1.000000,17350.000000
1.759531,3.225806,-0.879765,-1.729107,-1.729107,-0.351906,-0.205279,-0.840665,-1.598240,-2.615836,-3.655914,-1.000000,17050.000000
-0.879765,0.000000,-2.346041,0.000000,0.000000,-0.293255,-0.087977,-0.371457,-1.495601,-2.240469,-3.255132,0.000000,17050.000000
-0.872093,1.453488,-1.453488,0.879765,0.879765,-0.872093,-0.697674,-0.717054,-2.107558,-2.697675,-3.788760,1.000000,17200.000000
1.474926,1.769912,-1.179941,-1.453488,-1.453488,1.002950,0.560472,1.042281,-0.530973,-0.920354,-2.104228,-1.000000,16950.000000
1.791045,2.089552,-2.089552,-1.179941,-1.179941,1.492537,1.522388,1.890547,0.731343,0.310448,-0.746269,-1.000000,16750.000000
1.219512,2.134146,-0.609756,-2.089552,-2.089552,2.865854,3.231707,3.455285,3.033537,2.414634,1.514228,-1.000000,16400.000000
1.219512,2.134146,-0.609756,0.000000,0.000000,2.073171,2.865854,3.272358,3.201220,2.341463,1.707317,0.000000,16400.000000
-0.911854,0.911854,-0.911854,0.304878,0.304878,0.851064,2.249240,2.836879,3.069909,2.054711,1.590679,0.000000,16450.000000
0.613497,0.613497,-1.840491,-0.911854,-0.911854,0.981595,3.006135,3.374233,4.049080,2.944785,2.689162,-1.000000,16300.000000
-2.424242,0.303030,-2.424242,1.226994,1.226994,-0.545455,1.242424,1.858586,2.439394,1.696970,1.434343,1.000000,16500.000000
0.609756,0.609756,-1.829268,-0.606061,-0.606061,0.060976,1.463415,2.174797,2.606707,2.439024,2.022358,-1.000000,16400.000000
0.609756,0.609756,-1.829268,0.000000,0.000000,0.060976,1.067073,1.930894,2.469512,2.573171,1.961382,0.000000,16400.000000
0.309598,1.238390,-1.857585,-1.524390,-1.524390,1.238390,1.981424,3.178535,3.869969,4.235294,3.498452,-1.000000,16150.000000
0.623053,0.623053,-1.246106,-0.619195,-0.619195,1.557632,2.056075,3.592939,4.127726,4.847352,4.049844,-1.000000,16050.000000
1.577287,1.577287,-1.577287,-1.246106,-1.246106,2.018927,2.776025,4.269190,5.031546,5.716088,5.226078,-1.000000,15850.000000
1.612903,2.258065,-1.935484,-2.208202,-2.208202,3.161290,4.516129,5.956989,6.870968,7.483871,7.516129,-1.000000,15500.000000
-2.875399,0.319489,-2.875399,0.967742,0.967742,1.214058,3.035144,4.345048,5.415336,6.146965,6.443025,1.000000,15650.000000
3.300330,3.630363,-0.330033,-3.194888,-3.194888,3.234324,5.577558,6.886689,8.300330,9.227723,9.801980,-1.000000,15150.000000
-0.990099,0.330033,-2.640264,0.000000,0.000000,2.046205,4.818482,6.094609,7.821782,8.660066,9.570957,0.000000,15150.000000
2.348993,2.348993,-2.348993,-1.650165,-1.650165,2.483222,5.503356,7.046980,8.808724,9.879194,10.794184,-1.000000,14900.000000
0.677966,1.355932,-2.033898,-1.006711,-1.006711,2.508475,5.457627,7.389831,9.135593,10.345762,11.209040,-1.000000,14750.000000
2.054795,2.054795,-1.027397,-1.016949,-1.016949,2.123288,5.308219,7.671233,9.417809,10.821918,11.837899,-1.000000,14600.000000
0.344828,2.068965,-0.689655,-0.684932,-0.684932,1.931034,4.896552,7.517241,9.241380,10.910345,12.091954,-1.000000,14500.000000
1.045296,1.045296,-1.393728,-1.034483,-1.034483,1.881533,4.808362,7.735192,9.477352,11.442509,12.578397,-1.000000,14350.000000
1.063830,1.773050,-0.709220,-1.742160,-1.742160,2.553191,5.425532,8.510638,10.478724,12.496454,13.853428,-1.000000,14100.000000
0.000000,1.063830,-1.418440,0.000000,0.000000,1.631206,4.432624,7.423168,9.663120,11.659575,13.132388,0.000000,14100.000000
0.000000,0.714286,-1.071429,-0.709220,-0.709220,1.500000,4.000000,7.047619,9.589286,11.585714,13.226191,-1.000000,14000.000000
1.075269,1.075269,-1.433692,-0.357143,-0.357143,1.075269,3.512545,6.379928,9.086021,11.053763,12.915174,0.000000,13950.000000
-1.766784,0.000000,-2.120141,1.433692,1.433692,-0.636042,1.342756,3.981154,6.784452,8.692579,10.742049,1.000000,14150.000000
3.284672,4.014598,-1.824818,-3.180212,-3.180212,2.043796,3.795620,6.350365,9.270073,11.372263,13.491485,-1.000000,13700.000000
-2.857143,0.357143,-3.214286,2.189781,2.189781,-0.285714,1.035714,3.357143,6.071429,8.300000,10.333333,1.000000,14000.000000
-0.711744,0.355872,-1.779359,0.357143,0.357143,-0.569395,0.284698,2.230130,4.857651,7.245552,9.228944,0.000000,14050.000000
-0.354610,0.354610,-1.418440,0.355872,0.355872,-0.709220,-0.354610,1.371158,3.758865,6.198582,8.108747,0.000000,14100.000000
-0.350877,0.350877,-1.754386,1.063830,1.063830,-1.614035,-1.473684,-0.116959,2.035088,4.505263,6.339181,1.000000,14250.000000
0.000000,0.350877,-2.105263,0.000000,0.000000,-0.842105,-1.368421,-0.421053,1.473684,3.873684,5.754386,0.000000,14250.000000
1.063830,1.063830,-0.354610,-1.052632,-1.052632,0.354610,-0.319149,0.330969,2.056738,4.326241,6.335697,-1.000000,14100.000000
2.898551,2.898551,0.000000,-2.127660,-2.127660,2.173913,1.702899,2.125604,3.605072,5.840580,8.019323,-1.000000,13800.000000
0.361011,0.361011,-1.444043,0.362319,0.362319,1.444043,1.263538,1.444043,2.761733,4.794224,7.003610,0.000000,13850.000000
-0.362319,1.086957,-1.086957,-0.361011,-0.361011,1.159420,1.376812,1.545894,2.644928,4.521739,6.787440,0.000000,13800.000000
1.845019,2.214022,-0.738007,-1.811594,-1.811594,1.992620,3.136531,3.148832,4.040590,5.771218,8.031981,-1.000000,13550.000000
-2.545455,0.727273,-2.545455,1.476015,1.476015,0.000000,1.454545,1.478788,2.163636,3.723636,5.818182,1.000000,13750.000000
1.476015,2.583026,-0.738007,-1.454545,-1.454545,1.107011,2.583026,2.755228,3.284133,4.634686,6.678967,-1.000000,13550.000000
0.000000,0.729927,-1.094890,1.107011,1.107011,-0.218978,1.167883,1.508516,1.861314,3.065693,4.914842,1.000000,13700.000000
-0.364964,0.729927,-0.364964,0.000000,0.000000,-0.364964,0.766423,1.289538,1.624088,2.642336,4.343066,0.000000,13700.000000
-0.724638,0.724638,-1.086957,0.729927,0.729927,-0.724638,-0.289855,0.603865,0.778986,1.579710,3.091787,1.000000,13800.000000
-1.083032,1.083032,-1.083032,0.362319,0.362319,-0.938628,-0.830325,0.168472,0.324910,0.953069,2.322503,0.000000,13850.000000
0.361011,1.083032,-0.722022,0.000000,0.000000,-0.505415,-0.794224,0.072202,0.270758,0.736462,1.889290,0.000000,13850.000000
0.000000,0.722022,-0.722022,0.000000,0.000000,-0.288809,-0.794224,-0.048135,0.234657,0.548736,1.576414,0.000000,13850.000000
-1.071429,0.357143,-1.428571,1.083032,1.083032,-0.928571,-1.714286,-1.238095,-0.892857,-0.628571,0.214286,1.000000,14000.000000
-1.754386,0.350877,-2.105263,1.785714,1.785714,-2.035088,-2.947368,-2.970760,-2.438596,-2.329824,-1.695906,1.000000,14250.000000
1.423488,1.423488,-0.711744,-1.403509,-1.403509,-0.355872,-1.352313,-1.613286,-1.032028,-0.953737,-0.462633,-1.000000,14050.000000
-0.709220,1.063830,-1.063830,0.355872,0.355872,-0.354610,-1.312057,-1.820331,-1.365248,-1.276596,-0.933806,0.000000,14100.000000
0.000000,1.060071,-0.353357,0.354610,0.354610,-0.282686,-1.342756,-2.025913,-1.696113,-1.568905,-1.366313,0.000000,14150.000000
-1.034483,0.689655,-2.758621,2.473498,2.473498,-2.000000,-3.172414,-4.068965,-3.982759,-3.848276,-3.712644,1.000000,14500.000000
1.060071,1.766784,-1.060071,-2.413793,-2.413793,0.282686,-0.530035,-1.413428,-1.643110,-1.342756,-1.319199,-1.000000,14150.000000
-0.354610,0.354610,-1.063830,-0.353357,-0.353357,0.709220,0.000000,-0.898345,-1.294326,-0.964539,-0.969267,0.000000,14100.000000
-0.354610,0.354610,-1.063830,0.000000,0.000000,0.709220,0.177305,-0.638298,-1.187943,-0.950355,-0.945626,0.000000,14100.000000
0.706714,1.060071,-1.413428,0.354610,0.354610,0.353357,0.035336,-0.777385,-1.431095,-1.286219,-1.248528,0.000000,14150.000000
-0.704225,0.000000,-1.408451,0.353357,0.353357,-0.422535,-0.176056,-0.892019,-1.637324,-1.647887,-1.584507,0.000000,14200.000000
-0.350877,0.701754,-0.701754,0.352113,0.352113,-0.631579,-0.526316,-1.029240,-1.736842,-1.992983,-1.801170,0.000000,14250.000000
-0.348432,0.000000,-1.393728,0.701754,0.701754,-0.975610,-1.010453,-1.486643,-2.212543,-2.606272,-2.404181,1.000000,14350.000000
1.413428,1.413428,-0.706714,-1.393728,-1.393728,0.494700,0.424028,0.047114,-0.618375,-1.130742,-1.001178,-1.000000,14150.000000
0.000000,0.352113,-1.408451,0.353357,0.353357,0.211268,0.105634,-0.140845,-0.792253,-1.380282,-1.326291,0.000000,14200.000000
0.353357,0.706714,-0.706714,-0.352113,-0.352113,0.494700,0.212014,0.282686,-0.282686,-0.932862,-1.001178,0.000000,14150.000000
-0.352113,0.000000,-1.760563,0.353357,0.353357,0.070423,-0.105634,-0.093897,-0.492958,-1.098592,-1.361502,0.000000,14200.000000
0.000000,0.352113,-1.056338,0.000000,0.000000,-0.140845,-0.035211,-0.023474,-0.369718,-0.971831,-1.338028,0.000000,14200.000000
-0.699301,0.349650,-1.048951,0.704225,0.704225,-0.629371,-0.594406,-0.629371,-0.909091,-1.454545,-1.911422,1.000000,14300.000000
-0.694444,0.694444,-2.083333,0.699301,0.699301,-1.041667,-1.111111,-1.203704,-1.406250,-1.944444,-2.465278,1.000000,14400.000000
-0.346021,0.000000,-1.384083,0.347222,0.347222,-0.968858,-1.280277,-1.568627,-1.591696,-2.076125,-2.652826,0.000000,14450.000000
0.000000,1.034483,-0.344828,0.346021,0.346021,-0.896552,-1.448276,-1.747126,-1.844828,-2.220690,-2.770115,0.000000,14500.000000
0.000000,0.343643,-1.030928,0.344828,0.344828,-0.756014,-1.649485,-1.878580,-2.010309,-2.364261,-2.920962,0.000000,14550.000000
0.000000,0.343643,-1.030928,0.000000,0.000000,-0.412371,-1.374570,-1.672394,-1.855670,-2.171821,-2.691867,0.000000,14550.000000
-0.342466,0.000000,-1.369863,0.343643,0.343643,-0.479452,-1.438356,-1.803653,-2.037671,-2.301370,-2.819635,0.000000,14600.000000
-0.341297,0.000000,-1.023891,0.342466,0.342466,-0.546075,-1.433447,-1.934016,-2.320819,-2.457338,-2.935153,0.000000,14650.000000
-2.657807,0.000000,-2.990033,2.730376,2.730376,-2.458472,-3.488372,-4.186047,-4.617940,-4.837209,-5.238095,1.000000,15050.000000
0.666667,1.333333,-0.666667,-0.332226,-0.332226,-1.533333,-2.633333,-3.577778,-4.000000,-4.266667,-4.666667,0.000000,15000.000000
1.006711,1.006711,-2.013423,-0.666667,-0.666667,-0.402685,-1.577181,-2.595078,-3.087248,-3.409396,-3.791946,-1.000000,14900.000000
-0.334448,0.000000,-1.672241,0.335570,0.335570,-0.267559,-1.538462,-2.586399,-3.143813,-3.518395,-3.868450,0.000000,14950.000000
1.010101,1.010101,-2.020202,-0.668896,-0.668896,0.673401,-0.606061,-1.616162,-2.272727,-2.774411,-3.030303,-1.000000,14850.000000
0.000000,0.000000,-1.346801,0.000000,0.000000,0.404040,-0.370370,-1.324355,-2.070707,-2.585859,-2.895623,0.000000,14850.000000
0.338983,0.677966,-0.677966,-0.673401,-0.673401,0.745763,0.440678,-0.406780,-1.271186,-1.749153,-2.079096,-1.000000,14750.000000
2.076125,2.422145,0.000000,-2.033898,-2.033898,2.214533,2.456747,1.730104,0.882353,0.387543,0.034602,-1.000000,14450.000000
-0.687285,0.343643,-1.374570,0.692042,0.692042,0.962199,1.718213,1.099656,0.309278,-0.192440,-0.561283,1.000000,14550.000000
-0.682594,0.341297,-1.365188,0.687285,0.687285,0.000000,1.023891,0.500569,-0.204778,-0.750853,-1.205916,1.000000,14650.000000
-0.682594,0.341297,-1.365188,0.000000,0.000000,-0.273038,0.750853,0.568828,-0.051195,-0.641638,-1.092150,0.000000,14650.000000
-0.682594,0.341297,-1.365188,0.000000,0.000000,-0.409556,0.511945,0.614334,0.102389,-0.559727,-0.967008,0.000000,14650.000000
-0.682594,0.341297,-1.365188,0.000000,0.000000,-0.136519,0.341297,0.659841,0.221843,-0.423208,-0.841866,0.000000,14650.000000
-0.340136,0.340136,-1.020408,0.341297,0.341297,-0.272109,-0.170068,0.362812,-0.017007,-0.625850,-1.054422,0.000000,14700.000000
-0.675676,0.675676,-1.351351,0.680272,0.680272,-0.743243,-0.878378,-0.247748,-0.574324,-1.121622,-1.587838,1.000000,14800.000000
-0.671141,0.335570,-1.006711,0.675676,0.675676,-1.073825,-1.510067,-0.984340,-1.107383,-1.597315,-2.102908,1.000000,14900.000000
0.000000,0.335570,-0.671141,0.000000,0.000000,-0.738255,-1.409396,-1.029083,-0.989933,-1.409396,-1.979866,0.000000,14900.000000
0.000000,0.335570,-0.671141,0.000000,0.000000,-0.402685,-1.107383,-1.029083,-0.872483,-1.248322,-1.812081,0.000000,14900.000000
1.700680,1.700680,-0.340136,-1.342282,-1.342282,0.952381,0.340136,0.204082,0.510204,0.176871,-0.362812,-1.000000,14700.000000
1.034483,1.379310,-2.068965,-1.360544,-1.360544,1.931034,1.620690,1.425287,1.844828,1.572414,1.091954,-1.000000,14500.000000
1.045296,1.742160,-0.348432,-1.034483,-1.034483,2.229965,2.473868,2.253194,2.665505,2.592335,2.183507,-1.000000,14350.000000
1.045296,1.742160,-0.348432,0.000000,0.000000,1.463415,2.264808,2.067364,2.439024,2.536585,2.218351,0.000000,14350.000000
2.142857,3.214286,-0.714286,-2.439024,-2.439024,2.714286,4.357143,4.404762,4.678571,4.942857,4.702381,-1.000000,14000.000000
1.107011,2.214022,-1.107011,-3.214286,-3.214286,4.428044,6.974170,7.380074,7.638376,8.118081,7.970479,-1.000000,13550.000000
-1.102941,2.573529,-1.102941,0.369004,0.369004,2.720588,5.698529,6.470588,6.783088,7.411765,7.365196,0.000000,13600.000000
0.367647,0.735294,-2.205882,0.000000,0.000000,1.617647,4.742647,5.955883,6.323529,6.985294,7.144608,0.000000,13600.000000
-2.857143,0.357143,-3.214286,2.941176,2.941176,-1.785714,1.107143,2.619048,3.017857,3.642857,3.952381,1.000000,14000.000000
1.075269,1.433692,-1.433692,-0.357143,-0.357143,-1.505376,0.788530,2.652330,3.207885,3.741935,4.181601,0.000000,13950.000000
2.583026,3.321033,-1.476015,-2.867383,-2.867383,1.402214,2.915129,5.116851,5.885609,6.391144,6.998770,-1.000000,13550.000000
-1.454545,0.000000,-3.272727,1.476015,1.476015,0.145455,0.872727,3.078788,4.018182,4.523636,5.224242,1.000000,13750.000000
0.000000,0.363636,-1.454545,0.000000,0.000000,0.363636,0.436364,2.521212,3.690909,4.203636,4.909091,0.000000,13750.000000
2.996255,2.996255,-0.374532,-2.909091,-2.909091,2.397004,2.696629,4.818976,6.310862,6.906367,7.640450,-1.000000,13350.000000
-0.371747,1.115242,-0.743494,0.749064,0.749064,0.892193,1.524164,3.320942,5.074349,5.814126,6.480793,1.000000,13450.000000
0.000000,1.515152,-1.515152,-1.858736,-1.858736,2.272727,3.181818,4.520202,6.496212,7.409091,8.055555,-1.000000,13200.000000
1.923077,2.692308,-0.769231,-1.515152,-1.515152,2.692308,4.307693,5.358974,7.442307,8.553846,9.243589,-1.000000,13000.000000
0.778210,2.723735,0.000000,-1.153846,-1.153846,2.490272,4.941634,5.810636,7.898833,9.260700,10.000000,-1.000000,12850.000000
-0.387597,0.775194,-2.325581,0.389105,0.389105,1.395349,3.682171,4.651163,6.705426,8.294574,9.095607,0.000000,12900.000000
-1.149425,0.383142,-1.532567,1.162791,1.162791,-0.383142,1.800766,2.962963,4.770115,6.559387,7.484036,1.000000,13050.000000
-0.380228,1.901141,-1.140684,0.766284,0.766284,-1.216730,0.722433,1.977186,3.384030,5.277566,6.311787,1.000000,13150.000000
-1.498127,1.123595,-1.498127,1.520913,1.520913,-2.172285,-1.086142,0.324594,1.404494,3.265918,4.394507,1.000000,13350.000000
0.378788,0.757576,-0.378788,-1.123595,-1.123595,-0.530303,-0.378788,1.262626,2.121212,3.924242,5.214646,-1.000000,13200.000000
-1.123595,0.000000,-1.498127,1.136364,1.136364,-0.973783,-1.498127,-0.199750,0.599251,2.292135,3.707865,1.000000,13350.000000
0.375940,2.255639,-0.751880,-0.374532,-0.374532,-0.225564,-1.240602,-0.150376,0.714286,2.195489,3.759398,0.000000,13300.000000
-1.831502,0.000000,-1.831502,2.631579,2.631579,-2.051282,-3.443223,-2.661783,-1.831502,-0.732601,0.842491,1.000000,13650.000000
-0.727273,1.454545,-2.181818,0.732601,0.732601,-2.181818,-3.600000,-3.369697,-2.490909,-1.672727,-0.145455,1.000000,13750.000000
0.000000,1.824818,-0.364964,-0.363636,-0.363636,-1.094890,-2.627737,-3.041363,-2.098540,-1.503650,-0.072993,0.000000,13700.000000
-1.094890,0.000000,-1.459854,0.000000,0.000000,-0.583942,-2.043796,-2.871046,-2.208029,-1.693431,-0.364964,0.000000,13700.000000
-1.083032,0.000000,-1.444043,1.094890,1.094890,-0.866426,-2.527076,-3.730445,-3.303249,-2.801444,-1.696751,1.000000,13850.000000
0.000000,1.428571,-1.428571,1.083032,1.083032,-1.428571,-2.964286,-4.380952,-4.178571,-3.714286,-2.916667,1.000000,14000.000000
0.719424,1.079137,-1.079137,-0.714286,-0.714286,-0.503597,-1.870504,-3.261391,-3.435252,-2.935252,-2.362110,-1.000000,13900.000000
-1.413428,0.706714,-1.766784,1.798561,1.798561,-1.625442,-2.932862,-4.358068,-5.000000,-4.494699,-4.134275,1.000000,14150.000000
-1.408451,0.704225,-1.408451,0.353357,0.353357,-1.267606,-2.676056,-4.084507,-5.035211,-4.774648,-4.507042,0.000000,14200.000000
-0.352113,0.352113,-1.056338,0.000000,0.000000,-0.774648,-2.042253,-3.544601,-4.771127,-4.704226,-4.460094,0.000000,14200.000000
0.000000,0.352113,-1.056338,0.000000,0.000000,-0.492958,-1.654930,-3.051643,-4.419014,-4.521127,-4.307512,0.000000,14200.000000
-0.349650,0.699301,-0.699301,0.704225,0.704225,-0.629371,-1.958042,-3.286713,-4.632867,-5.034965,-4.813520,1.000000,14300.000000
-0.348432,0.348432,-1.045296,0.349650,0.349650,-0.696864,-1.846690,-3.089431,-4.442509,-5.198606,-4.970964,0.000000,14350.000000
-0.689655,0.344828,-2.068965,1.045296,1.045296,-1.310345,-2.310345,-3.563218,-4.879310,-5.862069,-5.839080,1.000000,14500.000000
-2.684564,0.000000,-3.355705,2.758621,2.758621,-3.020134,-4.228188,-5.436242,-6.812080,-8.000000,-8.154363,1.000000,14900.000000
0.000000,0.334448,-1.003345,0.335570,0.335570,-2.341137,-3.913043,-5.172798,-6.521739,-7.839465,-8.149386,0.000000,14950.000000
0.335570,0.671141,-0.335570,-0.334448,-0.334448,-1.208054,-2.919463,-4.340045,-5.687920,-7.020134,-7.583893,0.000000,14900.000000
1.355932,2.033898,-1.016949,-1.006711,-1.006711,0.338983,-1.525424,-2.892655,-4.203390,-5.559322,-6.418079,-1.000000,14750.000000
-1.333333,0.000000,-1.333333,1.694915,1.694915,-0.666667,-2.633333,-3.933333,-5.250000,-6.573333,-7.611111,1.000000,15000.000000
-2.631579,0.657895,-2.960526,1.333333,1.333333,-1.578947,-3.256579,-4.605263,-5.871710,-7.236842,-8.442983,1.000000,15200.000000
0.990099,0.990099,-0.660066,-0.328947,-0.328947,-0.990099,-2.310231,-3.784379,-5.066007,-6.402640,-7.711771,0.000000,15150.000000
-1.618123,0.647249,-2.265372,1.980198,1.980198,-2.200647,-3.462783,-4.983819,-6.359223,-7.676375,-8.975189,1.000000,15450.000000
0.653595,0.980392,-2.614379,-0.970874,-0.970874,-0.522876,-1.895425,-3.551198,-4.918301,-6.222222,-7.549020,-1.000000,15300.000000
0.000000,0.325733,-2.280130,0.326797,0.326797,-0.390879,-1.661238,-3.365907,-4.690554,-6.006515,-7.318132,0.000000,15350.000000
-1.302932,0.325733,-1.302932,0.000000,0.000000,-0.195440,-1.368078,-2.866450,-4.201954,-5.472313,-6.818676,0.000000,15350.000000
-0.647249,0.323625,-1.294498,0.651466,0.651466,-0.453074,-1.682848,-2.955771,-4.352751,-5.618123,-6.925566,1.000000,15450.000000
0.000000,0.974026,0.000000,-0.323625,-0.323625,-0.194805,-1.038961,-2.164502,-3.555195,-4.883117,-6.179654,0.000000,15400.000000
-0.643087,0.000000,-0.964630,0.974026,0.974026,-0.836013,-1.479100,-2.593783,-4.035370,-5.324759,-6.580922,1.000000,15550.000000
0.649351,0.649351,-2.272727,-0.964630,-0.964630,0.194805,-0.259740,-1.255411,-2.711039,-3.961039,-5.227273,-1.000000,15400.000000
-0.323625,0.323625,-1.941748,0.324675,0.324675,0.000000,-0.420712,-1.337648,-2.621359,-3.857605,-5.070118,0.000000,15450.000000
-0.967742,1.290323,-1.612903,0.323625,0.323625,-0.258065,-0.516129,-1.419355,-2.516129,-3.780645,-4.978495,0.000000,15500.000000
-1.286174,0.000000,-1.286174,0.322581,0.322581,-0.385852,-0.771704,-1.457663,-2.427653,-3.665595,-4.898178,0.000000,15550.000000
0.000000,0.323625,-1.618123,-0.643087,-0.643087,0.129450,-0.032362,-0.517799,-1.440129,-2.705502,-3.905070,-1.000000,15450.000000
0.000000,0.323625,-1.618123,0.000000,0.000000,0.194175,0.032362,-0.323625,-1.132686,-2.381877,-3.527508,0.000000,15450.000000
1.666667,2.000000,-1.000000,-2.912621,-2.912621,2.600000,2.800000,2.577778,1.866667,0.760000,-0.377778,-1.000000,15000.000000
-0.696864,1.742160,-0.696864,-4.333333,-4.333333,5.644599,6.689896,6.852497,6.271777,5.365854,4.216028,-1.000000,14350.000000
-0.344828,0.344828,-1.724138,1.045296,1.045296,3.103448,4.965517,5.310345,5.034483,4.331035,3.275862,1.000000,14500.000000
-0.344828,0.344828,-1.724138,0.000000,0.000000,1.793103,4.241379,4.942529,4.948276,4.372414,3.356322,0.000000,14500.000000
-0.344828,0.344828,-1.724138,0.000000,0.000000,0.482759,3.620690,4.551724,4.775862,4.372414,3.425287,0.000000,14500.000000
2.473498,3.180212,-0.353357,-2.413793,-2.413793,1.766784,5.265018,6.572438,6.996467,6.742050,5.971732,-1.000000,14150.000000
1.428571,2.500000,-1.428571,-1.060071,-1.060071,2.357143,5.321429,7.023809,7.732143,7.614286,7.059524,-1.000000,14000.000000
-1.418440,0.354610,-2.127660,0.714286,0.714286,1.063830,3.546099,5.650118,6.489362,6.624114,6.252955,1.000000,14100.000000
-0.701754,0.701754,-1.403509,1.063830,1.063830,-0.350877,1.614035,3.929825,5.000000,5.361403,5.111111,1.000000,14250.000000
-0.350877,1.052632,-1.052632,0.000000,0.000000,-0.701754,0.771930,3.391813,4.614035,5.150877,5.052631,0.000000,14250.000000
-1.736111,0.347222,-2.083333,1.052632,1.052632,-1.388889,-0.694444,1.828704,3.194444,3.833333,3.842592,1.000000,14400.000000
-0.684932,0.000000,-2.054795,1.388889,1.388889,-1.917808,-1.883562,0.022831,1.489726,2.260274,2.340183,1.000000,14600.000000
-0.343643,0.687285,-0.687285,-0.342466,-0.342466,-0.962199,-1.512028,-0.091638,1.546392,2.364261,2.611684,0.000000,14550.000000
1.742160,1.742160,-0.696864,-1.374570,-1.374570,0.557491,-0.243902,0.789779,2.543554,3.526132,3.948897,-1.000000,14350.000000
-0.347222,0.347222,-0.694444,0.348432,0.348432,0.416667,-0.659722,-0.046296,1.840278,2.902778,3.449074,0.000000,14400.000000
-3.040540,0.337838,-3.378378,2.777778,2.777778,-1.756757,-2.905406,-2.837838,-1.131757,-0.027027,0.563063,1.000000,14800.000000
8.843537,18.367348,-1.360544,-0.675676,-0.675676,-0.952381,-1.768708,-2.018141,-0.731293,0.448980,1.145125,-1.000000,14700.000000
-0.335570,1.342282,-1.677852,1.360544,1.360544,-1.812081,-2.550336,-3.154362,-2.281879,-1.033557,-0.335570,1.000000,14900.000000
1.016949,3.050848,-0.677966,-1.006711,-1.006711,-0.271186,-1.220339,-2.056497,-1.525424,-0.244068,0.553672,-1.000000,14750.000000
0.340136,0.680272,-0.680272,-0.338983,-0.338983,0.476190,-0.578231,-1.632653,-1.445578,-0.095238,0.748299,0.000000,14700.000000
-0.340136,0.680272,-1.360544,0.000000,0.000000,0.340136,-0.374150,-1.383220,-1.547619,-0.299320,0.600907,0.000000,14700.000000
-2.333333,0.333333,-2.333333,2.040816,2.040816,-1.266667,-2.100000,-2.911111,-3.300000,-2.426667,-1.511111,1.000000,15000.000000
-2.605863,0.325733,-2.605863,2.333333,2.333333,-2.931596,-3.811075,-4.581976,-5.228013,-4.703583,-3.767644,1.000000,15350.000000
-1.307190,1.307190,-1.960784,-0.325733,-0.325733,-1.895425,-2.875817,-3.812636,-4.656863,-4.431373,-3.507625,0.000000,15300.000000
0.990099,0.990099,-0.990099,-0.980392,-0.980392,-0.330033,-1.419142,-2.464247,-3.498350,-3.564356,-2.607261,-1.000000,15150.000000
0.000000,1.650165,-0.330033,0.000000,0.000000,0.264026,-1.188119,-2.134213,-3.168317,-3.524752,-2.673267,0.000000,15150.000000
-0.977199,0.000000,-1.302932,1.320132,1.320132,-0.586319,-2.052117,-3.083605,-3.990228,-4.521173,-3.973941,1.000000,15350.000000
0.000000,0.000000,-0.977199,0.000000,0.000000,-0.586319,-1.758958,-2.736156,-3.583062,-4.299674,-4.017373,0.000000,15350.000000
0.000000,0.000000,-0.977199,0.000000,0.000000,-0.521173,-1.368078,-2.301846,-3.224756,-4.078176,-4.039088,0.000000,15350.000000
0.000000,0.000000,-0.977199,0.000000,0.000000,-0.260586,-0.944625,-1.889251,-2.866450,-3.856678,-4.060803,0.000000,15350.000000
0.000000,0.000000,-0.977199,0.000000,0.000000,0.000000,-0.521173,-1.650380,-2.557003,-3.543974,-3.984799,0.000000,15350.000000
0.983607,0.983607,-0.655738,-0.651466,-0.651466,0.524590,0.295082,-0.765027,-1.704918,-2.583606,-3.158470,-1.000000,15250.000000
0.326797,0.326797,-0.980392,0.327869,0.327869,0.130719,-0.065359,-0.915033,-1.781046,-2.588235,-3.300654,0.000000,15300.000000
0.000000,0.657895,-0.328947,-0.653595,-0.653595,0.592105,0.526316,-0.065789,-0.855263,-1.697368,-2.510965,-1.000000,15200.000000
0.662252,0.993378,-0.331126,-0.657895,-0.657895,0.927152,1.158940,0.772627,0.033113,-0.821192,-1.732892,-1.000000,15100.000000
-0.328947,0.328947,-0.986842,0.662252,0.662252,0.065789,0.526316,0.328947,-0.493421,-1.263158,-2.149123,1.000000,15200.000000
0.000000,0.986842,-0.986842,0.000000,0.000000,0.000000,0.427632,0.416667,-0.328947,-1.105263,-1.885965,0.000000,15200.000000
2.684564,2.684564,-0.335570,-1.973684,-1.973684,1.476510,2.147651,2.237136,1.677852,0.979866,0.268456,-1.000000,14900.000000
0.334448,1.337793,-0.334448,0.335570,0.335570,0.802676,1.538462,1.739130,1.404682,0.802676,0.089186,0.000000,14950.000000
0.673401,1.683502,-0.336700,-0.668896,-0.668896,1.144781,1.885522,2.289562,2.138047,1.602694,0.897868,-1.000000,14850.000000
0.337838,1.013514,-0.337838,-0.336700,-0.336700,0.945946,1.858108,2.477478,2.516892,1.945946,1.328829,0.000000,14800.000000
0.675676,1.013514,-1.013514,0.000000,0.000000,0.405405,1.554054,2.229730,2.449324,1.972973,1.373874,0.000000,14800.000000
-0.340136,1.020408,-0.680272,-0.675676,-0.675676,0.816327,1.836735,2.630385,2.925170,2.612245,2.097506,-1.000000,14700.000000
-1.010101,0.336700,-1.010101,1.020408,1.020408,-0.336700,0.572391,1.369248,1.734007,1.602694,1.178451,1.000000,14850.000000
1.020408,1.360544,0.000000,-1.010101,-1.010101,0.476190,1.326531,2.108844,2.619048,2.639456,2.278912,-1.000000,14700.000000
0.000000,1.020408,-0.680272,0.000000,0.000000,0.340136,0.986395,1.814059,2.465986,2.639456,2.256236,0.000000,14700.000000
2.787457,2.787457,0.000000,-2.380952,-2.380952,2.160279,2.857143,3.879210,4.616725,4.961672,4.668990,-1.000000,14350.000000
2.787457,2.787457,0.000000,0.000000,0.000000,1.672474,2.473868,3.437863,4.268293,4.682927,4.541231,0.000000,14350.000000
-1.034483,1.724138,-1.379310,1.045296,1.045296,0.137931,1.103448,2.045977,2.896552,3.379310,3.402299,1.000000,14500.000000
1.742160,2.090592,0.000000,-1.034483,-1.034483,0.696864,1.811847,2.764228,3.623693,4.236934,4.401858,-1.000000,14350.000000
1.056338,3.169014,-0.352113,-1.045296,-1.045296,1.056338,2.464789,3.380282,4.313380,5.070423,5.387324,-1.000000,14200.000000
-0.348432,0.348432,-1.393728,1.056338,1.056338,0.000000,1.080139,1.904762,2.909408,3.693380,4.134727,1.000000,14350.000000
0.349650,0.699301,-0.699301,-0.348432,-0.348432,0.279720,1.153846,1.981352,2.919580,3.762238,4.254079,0.000000,14300.000000
0.348432,0.348432,-1.045296,0.349650,0.349650,-0.278746,0.452962,1.347271,2.264808,3.121951,3.670151,0.000000,14350.000000
0.696864,0.696864,-3.135889,0.000000,0.000000,-0.278746,0.209059,1.114983,2.003484,2.843206,3.484321,0.000000,14350.000000
0.701754,1.052632,-0.350877,-0.696864,-0.696864,0.491228,0.596491,1.567251,2.385965,3.256140,4.000000,-1.000000,14250.000000
-2.061856,0.000000,-2.061856,2.105263,2.105263,-1.305842,-1.340206,-0.641466,0.051546,0.934708,1.672394,1.000000,14550.000000
0.000000,1.030928,-0.687285,0.000000,0.000000,-0.962199,-1.202749,-0.710195,-0.068729,0.728522,1.489118,0.000000,14550.000000
2.097902,2.097902,-2.097902,-1.718213,-1.718213,0.699301,0.384615,0.769231,1.451049,2.237762,3.018648,-1.000000,14300.000000
0.701754,1.052632,0.000000,-0.349650,-0.349650,0.912281,0.666667,0.912281,1.596491,2.357895,3.122807,0.000000,14250.000000
1.060071,1.413428,-1.060071,-0.701754,-0.701754,1.484099,1.342756,1.366313,2.084806,2.784452,3.568905,-1.000000,14150.000000
0.350877,0.350877,-0.701754,0.706714,0.706714,0.350877,0.561404,0.608187,1.175439,1.796491,2.608187,1.000000,14250.000000
1.063830,1.773050,0.000000,-1.052632,-1.052632,0.780142,1.489362,1.560284,2.039007,2.652482,3.416076,-1.000000,14100.000000
0.000000,0.709220,-0.354610,0.000000,0.000000,0.496454,1.312057,1.371158,1.773050,2.411348,3.156028,0.000000,14100.000000
-0.350877,0.350877,-1.403509,1.063830,1.063830,-0.561404,0.175439,0.257310,0.543860,1.164912,1.871345,1.000000,14250.000000
-1.048951,0.699301,-1.048951,0.350877,0.350877,-0.699301,-0.139860,-0.046620,0.052448,0.671329,1.305361,0.000000,14300.000000
0.701754,1.403509,-0.350877,-0.349650,-0.349650,-0.350877,0.000000,0.257310,0.368421,0.870175,1.438596,0.000000,14250.000000
0.352113,1.056338,-1.056338,-0.350877,-0.350877,0.140845,0.105634,0.563380,0.669014,1.084507,1.631455,0.000000,14200.000000
-1.038062,0.000000,-1.730104,1.760563,1.760563,-1.107266,-1.522491,-1.130334,-1.089965,-0.775087,-0.242215,1.000000,14450.000000
-0.687285,0.343643,-1.030928,0.692042,0.692042,-1.374570,-1.993127,-1.718213,-1.701031,-1.498282,-0.996564,1.000000,14550.000000
-0.342466,0.684932,-0.684932,0.343643,0.343643,-1.301370,-2.020548,-1.894977,-1.900685,-1.863014,-1.381279,0.000000,14600.000000
0.343643,1.718213,-0.343643,-0.342466,-0.342466,-0.549828,-1.477663,-1.557847,-1.494845,-1.470790,-1.099656,0.000000,14550.000000
-0.675676,0.000000,-2.027027,1.718213,1.718213,-1.418919,-2.668919,-3.108108,-2.989865,-3.013514,-2.747748,1.000000,14800.000000
1.023891,1.706485,-1.365188,-1.013514,-1.013514,-0.136519,-1.296928,-1.956769,-1.894198,-1.979522,-1.797497,-1.000000,14650.000000
0.342466,0.684932,-0.684932,-0.341297,-0.341297,0.273973,-0.719178,-1.461187,-1.472603,-1.575342,-1.484018,0.000000,14600.000000
0.694444,1.736111,0.000000,-1.369863,-1.369863,1.388889,0.729167,0.023148,-0.052083,-0.152778,-0.185185,-1.000000,14400.000000
0.343643,0.343643,-1.030928,1.041667,1.041667,0.343643,-0.103093,-0.870561,-1.082474,-1.127148,-1.168385,1.000000,14550.000000
-2.027027,0.337838,-2.364865,1.718213,1.718213,-1.351351,-1.385135,-2.229730,-2.668919,-2.662162,-2.736486,1.000000,14800.000000
1.020408,1.360544,-0.680272,-0.675676,-0.675676,-0.612245,-0.544218,-1.292517,-1.870748,-1.904762,-2.029479,-1.000000,14700.000000
-1.010101,0.000000,-1.010101,1.020408,1.020408,-1.279461,-1.346801,-2.020202,-2.659933,-2.760943,-2.906846,1.000000,14850.000000
0.000000,0.336700,-0.673401,0.000000,0.000000,-0.673401,-1.178451,-1.773288,-2.424242,-2.599327,-2.760943,0.000000,14850.000000
0.675676,0.675676,-1.013514,-0.336700,-0.336700,0.000000,-0.675676,-1.193694,-1.908784,-2.202703,-2.331081,0.000000,14800.000000
-0.336700,0.336700,-1.010101,0.337838,0.337838,-0.269360,-0.976431,-1.234568,-1.986532,-2.451179,-2.536476,0.000000,14850.000000
0.677966,1.355932,-1.016949,-0.673401,-0.673401,0.474576,-0.237288,-0.429379,-1.101695,-1.667797,-1.785311,-1.000000,14750.000000
-0.671141,0.335570,-1.342282,1.016949,1.016949,-0.469799,-1.040268,-1.275168,-1.879195,-2.483222,-2.651007,1.000000,14900.000000
0.671141,1.677852,-0.671141,0.000000,0.000000,-0.402685,-0.704698,-1.140940,-1.677852,-2.281879,-2.505593,0.000000,14900.000000
-0.662252,0.993378,-0.993378,1.342282,1.342282,-1.324503,-1.655629,-2.207505,-2.698675,-3.350993,-3.675497,1.000000,15100.000000
-0.328947,0.657895,-0.657895,0.662252,0.662252,-1.513158,-2.039474,-2.675439,-3.009868,-3.697368,-4.166667,1.000000,15200.000000
0.328947,0.657895,-1.644737,0.000000,0.000000,-0.921053,-1.710526,-2.434211,-2.763158,-3.407895,-3.969298,0.000000,15200.000000
2.006689,2.006689,-0.668896,-1.644737,-1.644737,0.802676,0.000000,-0.646600,-1.003345,-1.605351,-2.207358,-1.000000,14950.000000
2.006689,2.006689,-0.668896,0.000000,0.000000,0.869565,0.066890,-0.401338,-0.886288,-1.431438,-2.028986,0.000000,14950.000000
0.331126,0.662252,-1.324503,1.003345,1.003345,-0.132450,-0.728477,-1.147903,-1.688742,-2.185431,-2.814569,1.000000,15100.000000
0.332226,0.996678,-0.664452,-0.331126,-0.331126,0.000000,-0.265781,-0.708749,-1.279070,-1.634552,-2.281285,0.000000,15050.000000
0.332226,0.996678,-0.664452,0.000000,0.000000,-0.199336,-0.066445,-0.553710,-1.146179,-1.475083,-2.070875,0.000000,15050.000000
-1.967213,0.000000,-2.295082,1.328904,1.328904,-1.114754,-1.147541,-1.683060,-2.229508,-2.583606,-3.136612,1.000000,15250.000000
0.000000,0.327869,-0.983607,0.000000,0.000000,-0.721311,-0.918033,-1.508197,-1.950820,-2.413115,-2.928962,0.000000,15250.000000
1.324503,1.324503,-0.993378,-0.983607,-0.983607,0.264901,0.066225,-0.397351,-0.794702,-1.298013,-1.777042,-1.000000,15100.000000
0.666667,1.333333,-1.333333,-0.662252,-0.662252,0.866667,0.600000,0.333333,-0.066667,-0.586667,-0.944444,-1.000000,15000.000000
-1.000000,0.666667,-1.000000,0.000000,0.000000,0.800000,0.466667,0.444444,0.033333,-0.493333,-0.822222,0.000000,15000.000000
-1.000000,0.000000,-1.333333,0.000000,0.000000,0.466667,0.500000,0.488889,0.083333,-0.386667,-0.722222,0.000000,15000.000000
-0.662252,0.331126,-1.324503,0.666667,0.666667,-0.397351,-0.066225,-0.088300,-0.496689,-0.860927,-1.269316,1.000000,15100.000000
2.816901,3.521127,-1.408451,-5.960265,-5.960265,4.647887,5.633803,5.821596,5.598591,5.323944,4.906103,-1.000000,14200.000000
1.418440,2.127660,-0.709220,-0.704225,-0.704225,4.113475,5.709220,6.052010,6.081560,5.872340,5.484633,-1.000000,14100.000000
1.438849,2.158273,-0.359712,-1.418440,-1.418440,4.028777,6.402878,6.954436,7.302158,7.165468,6.822542,-1.000000,13900.000000
0.000000,0.361011,-1.083032,-0.359712,-0.359712,2.743682,5.776173,6.811071,7.310469,7.263538,7.027678,0.000000,13850.000000
0.358423,0.716846,-1.792115,0.722022,0.722022,0.358423,4.086021,5.567503,6.200717,6.236559,6.152927,1.000000,13950.000000
0.722022,1.083032,-0.722022,-0.716846,-0.716846,0.577617,3.935018,5.728038,6.516245,6.729242,6.750903,-1.000000,13850.000000
2.222222,2.222222,0.000000,-2.527076,-2.527076,2.296296,5.518518,7.703704,8.648149,9.096296,9.197531,-1.000000,13500.000000
0.746269,1.492537,-0.373134,-0.740741,-0.740741,2.313433,5.111940,7.686567,8.787313,9.507463,9.689054,-1.000000,13400.000000
-0.743494,0.371747,-1.858736,0.373134,0.373134,1.338290,3.568773,6.394052,7.825279,8.669145,8.934324,0.000000,13450.000000
2.290076,2.290076,0.000000,-2.602231,-2.602231,2.748092,4.809160,8.142493,10.000000,11.022901,11.399491,-1.000000,13100.000000
-0.380228,0.380228,-1.140684,0.381679,0.381679,1.292776,3.612167,6.742712,8.840304,10.007605,10.557668,0.000000,13150.000000
-0.751880,0.751880,-1.879699,1.140684,1.140684,-0.150376,1.842105,4.686717,6.954887,8.195489,8.922306,1.000000,13300.000000
1.915709,1.915709,0.000000,-1.879699,-1.879699,1.226054,3.141762,5.696041,8.237548,9.609196,10.574713,-1.000000,13050.000000
-1.132075,0.754717,-1.509434,1.532567,1.532567,-0.603774,1.132075,3.220126,5.849057,7.441509,8.490566,1.000000,13250.000000
-1.115242,0.000000,-1.486989,1.509434,1.509434,-1.561338,-0.743494,0.867410,3.605948,5.397769,6.517968,1.000000,13450.000000
-1.115242,0.000000,-1.486989,0.000000,0.000000,-1.115242,-1.040892,0.495663,2.992565,4.907063,6.109046,0.000000,13450.000000
-0.371747,0.000000,-0.743494,0.000000,0.000000,-0.892193,-1.078067,0.173482,2.416357,4.431227,5.675341,0.000000,13450.000000
0.000000,0.370370,-1.481481,0.371747,0.371747,-0.592593,-1.370370,-0.395062,1.481481,3.585185,4.864198,0.000000,13500.000000
-2.545455,0.000000,-2.545455,1.851852,1.851852,-1.672727,-2.945455,-2.254545,-0.818182,1.265455,2.666667,1.000000,13750.000000
1.098901,1.465201,-1.098901,-0.727273,-0.727273,-0.659341,-1.831502,-1.684982,-0.622711,1.538462,3.101343,-1.000000,13650.000000
-1.792115,0.000000,-2.508960,2.197802,2.197802,-2.078853,-3.369176,-3.751493,-2.849462,-0.974910,0.609319,1.000000,13950.000000
-0.361011,0.361011,-1.083032,-0.716846,-0.716846,-0.794224,-2.274368,-2.888087,-2.238267,-0.592058,1.046931,-1.000000,13850.000000
0.000000,0.722022,-0.361011,0.000000,0.000000,-0.288809,-1.696751,-2.671480,-2.256318,-0.924188,0.758123,0.000000,13850.000000
1.090909,1.090909,-0.727273,-0.722022,-0.722022,0.436364,-0.618182,-1.818182,-1.581818,-0.567273,1.127273,-1.000000,13750.000000
-1.079137,0.719424,-1.079137,1.090909,1.090909,-0.287770,-1.366907,-2.494005,-2.661870,-1.985612,-0.287770,1.000000,13900.000000
-0.719424,0.359712,-0.719424,0.000000,0.000000,-0.359712,-1.043165,-2.134293,-2.643885,-2.071942,-0.575540,0.000000,13900.000000
0.000000,0.000000,-1.433692,0.359712,0.359712,-0.573477,-1.039427,-2.174433,-2.831541,-2.465950,-1.182796,0.000000,13950.000000
-0.709220,1.063830,-1.418440,1.075269,1.075269,-1.276596,-1.666667,-2.718676,-3.617021,-3.446809,-2.446809,1.000000,14100.000000
1.433692,1.433692,-1.075269,-1.063830,-1.063830,0.071685,-0.465950,-1.338112,-2.401434,-2.379928,-1.648746,-1.000000,13950.000000
0.359712,0.359712,-1.079137,-0.358423,-0.358423,0.431655,0.071942,-0.767386,-1.762590,-2.043165,-1.582734,0.000000,13900.000000
0.724638,0.724638,-0.362319,-0.719424,-0.719424,1.014493,0.688406,0.120773,-0.815217,-1.347826,-0.966184,-1.000000,13800.000000
0.000000,0.729927,-0.364964,-0.724638,-0.724638,1.386861,1.313869,0.973236,0.054745,-0.569343,-0.340633,-1.000000,13700.000000
-0.362319,0.724638,-0.724638,0.729927,0.729927,0.217391,0.543478,0.386473,-0.398551,-1.173913,-1.086957,1.000000,13800.000000
0.362319,0.362319,-1.086957,0.000000,0.000000,0.000000,0.579710,0.410628,-0.199275,-1.072464,-1.099034,0.000000,13800.000000
1.098901,1.465201,-0.366300,-1.086957,-1.086957,0.732601,1.501832,1.514042,0.970696,0.175824,-0.085470,-1.000000,13650.000000
0.000000,1.098901,-0.366300,0.000000,0.000000,0.512821,1.318681,1.367521,1.043956,0.322344,-0.134310,0.000000,13650.000000
0.732601,0.732601,-1.831502,0.000000,0.000000,0.439560,1.098901,1.269841,1.117216,0.424908,-0.097680,0.000000,13650.000000
1.872659,1.872659,-0.749064,-2.197802,-2.197802,2.022472,2.808989,3.295880,3.333333,2.771536,2.134831,-1.000000,13350.000000
1.520913,2.281369,-1.140684,-1.498127,-1.498127,2.585551,3.764259,4.562737,4.676806,4.304183,3.612167,-1.000000,13150.000000
-0.754717,0.377358,-0.754717,0.760456,0.760456,1.207547,2.490566,3.446541,3.735849,3.456604,2.867924,1.000000,13250.000000
-1.127820,0.375940,-1.127820,0.377358,0.377358,0.300752,1.729323,2.756892,3.101504,3.022556,2.518797,0.000000,13300.000000
-0.743494,0.000000,-1.858736,1.127820,1.127820,-1.115242,0.408922,1.363073,1.802974,1.873606,1.412639,1.000000,13450.000000
0.749064,1.123595,-0.749064,-0.743494,-0.743494,-0.374532,0.823970,1.747815,2.378277,2.591760,2.247191,-1.000000,13350.000000
0.000000,0.749064,-1.123595,0.000000,0.000000,-0.074906,0.486891,1.448190,2.228464,2.471910,2.272160,0.000000,13350.000000
0.754717,0.754717,-0.754717,-0.749064,-0.749064,0.679245,0.943396,1.886792,2.754717,3.124528,2.993711,-1.000000,13250.000000
-0.375940,0.000000,-1.503759,0.377358,0.377358,0.300752,0.300752,1.253133,2.142857,2.541353,2.568922,0.000000,13300.000000
-0.746269,0.373134,-1.119403,0.751880,0.751880,-0.522388,-0.634328,0.348259,1.175373,1.641791,1.791045,1.000000,13400.000000
-0.746269,0.746269,-0.746269,0.000000,0.000000,-0.447761,-0.597015,0.149254,0.914179,1.507463,1.766169,0.000000,13400.000000
-0.370370,0.370370,-0.740741,0.746269,0.746269,-0.962963,-1.074074,-0.740741,0.000000,0.681481,0.950617,1.000000,13500.000000
0.000000,0.743494,-0.743494,-0.370370,-0.370370,-0.297398,-0.557621,-0.470880,0.204461,0.921933,1.276332,0.000000,13450.000000
1.515152,1.515152,-0.378788,-1.858736,-1.858736,1.439394,1.250000,1.186869,1.875000,2.621212,3.005050,-1.000000,13200.000000
-0.754717,0.377358,-1.132075,0.378788,0.378788,0.830189,0.716981,0.603774,1.320755,2.022641,2.465409,0.000000,13250.000000
2.325581,2.713178,-0.387597,-2.641510,-2.641510,2.790698,3.100775,3.100775,3.720930,4.418605,5.000000,-1.000000,12900.000000
0.000000,0.772201,-0.386100,0.387597,0.387597,1.544402,2.393822,2.599743,2.992278,3.706564,4.388674,0.000000,12950.000000
-0.384615,0.384615,-1.538462,0.386100,0.386100,0.461538,1.807692,2.076923,2.346154,3.030769,3.756410,0.000000,13000.000000
0.387597,1.937984,-0.387597,-0.769231,-0.769231,0.775194,2.286822,2.661499,2.848837,3.550388,4.302326,-1.000000,12900.000000
0.390625,1.171875,-0.390625,-0.775194,-0.775194,0.859375,2.617188,3.125000,3.320312,4.078125,4.817708,-1.000000,12800.000000
3.658537,4.878049,-1.219512,-3.906250,-3.906250,3.983740,5.894309,6.747967,7.093496,7.821138,8.590786,-1.000000,12300.000000
0.000000,2.941176,-4.201681,-3.252033,-3.252033,5.714286,8.109243,9.523809,10.168067,10.806723,11.666667,-1.000000,11900.000000
-1.652893,1.239669,-1.652893,1.680672,1.680672,2.479339,5.206612,7.079890,7.871901,8.462810,9.325068,1.000000,12100.000000
-1.224490,0.408163,-2.040816,1.239669,1.239669,0.163265,3.142857,5.197279,6.122449,6.677551,7.564626,1.000000,12250.000000
-1.214575,0.809717,-1.214575,0.816327,0.816327,-1.376518,1.578947,3.778677,4.817814,5.392713,6.329285,1.000000,12350.000000
0.000000,0.000000,-1.619433,0.000000,0.000000,-1.295547,1.133603,3.211876,4.412955,5.068826,5.937922,0.000000,12350.000000
1.646091,1.646091,0.000000,-1.619433,-1.619433,0.740741,2.139918,4.170096,5.637860,6.469136,7.229081,-1.000000,12150.000000
0.826446,1.652893,-0.413223,-0.411523,-0.411523,1.157025,1.818182,3.856749,5.599174,6.528925,7.245179,0.000000,12100.000000
0.826446,1.652893,-0.413223,0.000000,0.000000,0.909091,1.157025,3.250689,5.103306,6.132231,6.818182,0.000000,12100.000000
2.155172,3.448276,-1.293103,-4.132231,-4.132231,3.965517,4.482759,6.752873,8.857759,10.068966,10.833333,-1.000000,11600.000000
0.429185,0.858369,-0.858369,0.431034,0.431034,2.317597,3.476395,5.579399,7.639485,9.012876,9.871244,0.000000,11650.000000
-1.680672,0.420168,-2.100840,2.145923,2.145923,-0.252101,1.302521,2.773109,4.705883,6.235294,7.212885,1.000000,11900.000000
-1.652893,0.000000,-2.479339,1.680672,1.680672,-1.900826,-0.371901,0.578512,2.417355,4.099174,5.123967,1.000000,12100.000000
-0.414938,0.829876,-0.414938,-0.413223,-0.413223,-1.576764,-0.124481,0.525588,2.365145,4.116183,5.214385,0.000000,12050.000000
-0.414938,0.414938,-0.829876,0.000000,0.000000,-0.829876,-0.373444,0.110650,1.867220,3.668050,4.827109,0.000000,12050.000000
-0.418410,0.000000,-1.255230,-0.829876,-0.829876,0.502092,0.125523,0.753138,2.322176,4.050209,5.313807,-1.000000,11950.000000
0.416667,0.416667,-0.833333,0.418410,0.418410,0.250000,-0.416667,0.388889,1.500000,3.116667,4.500000,0.000000,12000.000000
0.840336,0.840336,-0.840336,-0.833333,-0.833333,0.756303,0.252101,1.120448,1.890756,3.462185,5.000000,-1.000000,11900.000000
0.000000,0.420168,-0.420168,0.000000,0.000000,0.504202,0.084034,0.924370,1.470588,3.025210,4.607843,0.000000,11900.000000
-0.829876,0.414938,-0.829876,1.260504,1.260504,-0.746888,-0.788382,-0.497925,-0.103734,1.344398,2.932227,1.000000,12050.000000
-0.413223,0.000000,-0.826446,0.414938,0.414938,-0.909091,-0.826446,-1.046832,-0.599174,0.661157,2.148760,0.000000,12100.000000
0.000000,0.823045,-0.823045,0.413223,0.413223,-1.069959,-1.028807,-1.454047,-0.905350,-0.016461,1.358025,0.000000,12150.000000
-1.632653,0.000000,-1.632653,0.823045,0.823045,-1.306122,-1.714286,-2.176871,-1.653061,-1.077551,0.204082,1.000000,12250.000000
-0.406504,0.000000,-1.219512,0.408163,0.408163,-1.056911,-1.910569,-2.466125,-2.032520,-1.674797,-0.447154,0.000000,12300.000000
0.406504,0.406504,-1.219512,0.000000,0.000000,-0.650406,-1.707317,-2.086721,-2.052845,-1.837398,-0.704607,0.000000,12300.000000
0.000000,1.229508,0.000000,-0.813008,-0.813008,0.327869,-0.696721,-0.983607,-1.311475,-1.065574,-0.081967,-1.000000,12200.000000
0.000000,0.819672,-0.819672,0.000000,0.000000,0.409836,-0.532787,-0.819672,-1.290984,-0.967213,-0.286885,0.000000,12200.000000
-0.404858,0.404858,-1.214575,1.229508,1.229508,-0.647773,-1.376518,-1.889339,-2.388664,-2.089069,-1.673414,1.000000,12350.000000
-0.404858,0.404858,-1.214575,0.000000,0.000000,-0.566802,-1.012146,-1.727395,-2.287449,-2.056680,-1.821862,0.000000,12350.000000
-0.404858,0.404858,-1.214575,0.000000,0.000000,-0.485830,-0.769231,-1.565452,-1.983806,-2.056680,-1.943320,0.000000,12350.000000
-0.803213,0.000000,-1.204819,0.809717,0.809717,-0.883534,-1.285141,-2.088353,-2.449799,-2.811245,-2.690763,1.000000,12450.000000
-0.400000,0.400000,-0.800000,0.401606,0.401606,-0.800000,-1.400000,-2.213333,-2.600000,-3.088000,-2.920000,0.000000,12500.000000
0.400000,0.400000,-0.800000,0.000000,0.000000,-0.560000,-1.200000,-1.893333,-2.440000,-2.960000,-2.813333,0.000000,12500.000000
0.401606,0.803213,-0.803213,-0.400000,-0.400000,0.000000,-0.682731,-1.204819,-1.887550,-2.457831,-2.369478,0.000000,12450.000000
0.806452,1.209677,-0.403226,-0.401606,-0.401606,0.483871,-0.201613,-0.618280,-1.350806,-1.806452,-1.962366,0.000000,12400.000000
-1.587302,0.396825,-1.984127,1.612903,1.612903,-0.873016,-1.468254,-1.931217,-2.658730,-3.063492,-3.452381,1.000000,12600.000000
1.612903,2.016129,0.000000,-1.587302,-1.587302,0.564516,0.282258,-0.215054,-0.927419,-1.338710,-1.827957,-1.000000,12400.000000
1.639344,2.049180,0.000000,-1.612903,-1.612903,1.721311,1.803279,1.393443,0.819672,0.311475,-0.191257,-1.000000,12200.000000
-0.406504,0.813008,-0.406504,0.819672,0.819672,0.650406,0.934959,0.569106,0.162602,-0.422764,-0.948510,1.000000,12300.000000
-0.408163,0.816327,-0.408163,-0.406504,-0.406504,0.816327,1.265306,0.952381,0.653061,0.048980,-0.367347,0.000000,12250.000000
1.229508,1.229508,0.000000,-0.408163,-0.408163,0.573770,1.475410,1.366120,1.106557,0.540984,0.191257,0.000000,12200.000000
-1.214575,0.000000,-1.619433,1.229508,1.229508,-0.728745,0.121457,0.215924,-0.040486,-0.566802,-0.904184,1.000000,12350.000000
1.229508,1.229508,-0.409836,-1.214575,-1.214575,0.491803,1.106557,1.366120,1.168033,0.754098,0.341530,-1.000000,12200.000000
1.229508,1.229508,-0.409836,0.000000,0.000000,0.327869,0.901639,1.284153,1.127049,0.852459,0.382514,0.000000,12200.000000
1.234568,1.234568,-0.823045,-0.409836,-0.409836,0.576132,1.111111,1.591221,1.481481,1.300412,0.823045,0.000000,12150.000000
0.414938,0.829876,-1.244813,-0.823045,-0.823045,1.161826,1.493776,2.213001,2.261411,2.124481,1.687414,-1.000000,12050.000000
0.000000,0.414938,-0.829876,0.000000,0.000000,0.663900,1.203320,1.964039,2.199170,2.091286,1.701245,0.000000,12050.000000
0.000000,0.414938,-0.829876,0.000000,0.000000,0.414938,1.078838,1.715076,2.074689,2.024896,1.742739,0.000000,12050.000000
0.414938,0.414938,-0.829876,0.000000,0.000000,0.165975,0.871369,1.493776,1.950207,1.941909,1.784232,0.000000,12050.000000
0.414938,0.414938,-0.414938,0.000000,0.000000,0.000000,0.705394,1.300138,1.825726,1.858921,1.784232,0.000000,12050.000000
0.000000,1.239669,-0.826446,0.414938,0.414938,-0.330579,0.206612,0.606061,1.260331,1.404959,1.363636,0.000000,12100.000000
-1.219512,0.000000,-2.032520,1.652893,1.652893,-1.544715,-1.463415,-1.084011,-0.467480,-0.211382,-0.243902,1.000000,12300.000000
-0.806452,0.000000,-1.209677,0.813008,0.813008,-1.774194,-2.096774,-1.774194,-1.310484,-1.000000,-1.008065,1.000000,12400.000000
0.000000,0.809717,-0.809717,-0.403226,-0.403226,-0.890688,-1.578947,-1.349528,-0.951417,-0.599190,-0.593792,0.000000,12350.000000
0.000000,0.809717,-0.404858,0.000000,0.000000,-0.404858,-1.417004,-1.295547,-0.971660,-0.599190,-0.580297,0.000000,12350.000000
-0.401606,0.000000,-1.606426,0.809717,0.809717,-0.642570,-1.887550,-1.954485,-1.827309,-1.397590,-1.311914,1.000000,12450.000000
-0.403226,0.403226,-0.806452,-0.401606,-0.401606,-0.080645,-1.209677,-1.532258,-1.431452,-1.032258,-0.860215,0.000000,12400.000000
1.632653,1.632653,-0.408163,-1.209677,-1.209677,0.897959,0.163265,-0.299320,-0.204082,0.097959,0.326531,-1.000000,12250.000000
1.234568,1.234568,-0.823045,-0.816327,-0.816327,1.399177,1.069959,0.493827,0.555556,0.823045,1.097394,-1.000000,12150.000000
-0.411523,0.411523,-0.823045,0.000000,0.000000,1.069959,1.152263,0.493827,0.514403,0.740741,1.042524,0.000000,12150.000000
-0.819672,0.000000,-1.229508,0.411523,0.411523,0.245902,0.819672,0.163934,0.102459,0.196721,0.560109,0.000000,12200.000000
0.413223,0.826446,-0.413223,-0.819672,-0.819672,0.578512,1.487603,1.019284,0.826446,0.925620,1.280992,-1.000000,12100.000000
0.414938,1.244813,-0.829876,-0.413223,-0.413223,0.663900,1.618257,1.438451,1.182573,1.294606,1.576764,0.000000,12050.000000
1.255230,1.673640,0.000000,-0.829876,-0.829876,1.171548,2.133891,2.231520,1.924686,2.025105,2.287308,-1.000000,11950.000000
0.000000,0.833333,-0.416667,0.418410,0.418410,0.500000,1.416667,1.777778,1.437500,1.516667,1.750000,0.000000,12000.000000
-5.882353,0.000000,-5.882353,6.250000,6.250000,-4.549020,-4.313725,-3.869281,-4.254902,-4.282353,-4.196078,1.000000,12750.000000
1.581028,1.976285,-0.395257,-0.784314,-0.784314,-2.924901,-3.359684,-2.924901,-3.260870,-3.430830,-3.372859,-1.000000,12650.000000
-0.390625,1.562500,-2.343750,1.185771,1.185771,-2.890625,-4.062500,-3.854167,-4.101562,-4.375000,-4.348958,1.000000,12800.000000
-1.544402,0.386100,-1.544402,1.171875,1.171875,-2.471042,-4.555984,-4.658945,-4.864865,-5.250965,-5.289575,1.000000,12950.000000
0.387597,0.775194,-0.387597,-0.386100,-0.386100,-0.697674,-3.604651,-4.005168,-4.166667,-4.651163,-4.754522,0.000000,12900.000000
-0.769231,0.000000,-1.538462,0.775194,0.775194,-1.076923,-3.730769,-4.461538,-4.557693,-5.092308,-5.282051,1.000000,13000.000000
-0.769231,0.384615,-1.153846,0.000000,0.000000,-0.538462,-3.038461,-4.153846,-4.288462,-4.800000,-5.115385,0.000000,13000.000000
0.000000,0.384615,-1.153846,0.000000,0.000000,-0.230769,-2.307692,-3.769231,-4.057693,-4.507692,-4.910256,0.000000,13000.000000
7.949791,9.205021,0.000000,-8.076923,-8.076923,6.861925,6.276151,4.574616,4.205021,3.849372,3.375174,-1.000000,11950.000000
-0.823045,0.000000,-4.526749,1.673640,1.673640,3.868313,4.650206,2.853224,2.407408,2.172839,1.673525,1.000000,12150.000000
0.000000,0.813008,-1.219512,1.234568,1.234568,1.463415,3.008130,1.653117,1.097561,0.991870,0.501355,1.000000,12300.000000
0.819672,0.819672,-0.819672,-0.813008,-0.813008,0.983607,3.483607,2.540984,1.844262,1.786885,1.366120,-1.000000,12200.000000
1.244813,1.244813,-0.829876,-1.229508,-1.229508,0.663900,4.149378,3.817427,3.029046,2.937759,2.627939,-1.000000,12050.000000
1.687764,1.687764,-0.843882,-1.659751,-1.659751,2.194093,4.978903,5.513361,4.641350,4.506329,4.303797,-1.000000,11850.000000
-1.250000,1.666667,-1.250000,1.265823,1.265823,0.666667,2.916667,4.194445,3.270833,3.083333,2.986111,1.000000,12000.000000
-0.411523,0.000000,-1.234568,1.250000,1.250000,-0.823045,0.946502,2.578875,1.975309,1.711934,1.728395,1.000000,12150.000000
0.413223,0.413223,-0.413223,-0.411523,-0.411523,-0.578512,0.619835,2.699724,2.396694,2.033058,2.093664,0.000000,12100.000000
-0.826446,0.000000,-0.826446,0.000000,0.000000,-0.495868,-0.123967,2.314049,2.417355,1.983471,2.011019,0.000000,12100.000000
-0.826446,0.413223,-0.826446,0.000000,0.000000,-0.082645,0.000000,1.845730,2.479339,1.966942,1.942149,0.000000,12100.000000
1.255230,1.255230,0.000000,-1.239669,-1.239669,1.087866,1.087866,2.594142,3.744770,3.179916,3.110181,-1.000000,11950.000000
0.843882,2.109705,-0.421941,-0.836820,-0.836820,1.434599,1.561181,2.812939,4.240506,3.932489,3.811533,-1.000000,11850.000000
0.847458,0.847458,-1.271186,-0.421941,-0.421941,1.355932,1.652542,2.570621,4.322034,4.271186,4.081921,0.000000,11800.000000
1.287554,1.287554,-0.429185,-1.271186,-1.271186,1.888412,2.618026,3.118741,5.171674,5.476395,5.250358,-1.000000,11650.000000
-0.851064,0.851064,-0.851064,0.858369,0.858369,0.425532,1.659575,2.127660,3.765957,4.510638,4.241135,1.000000,11750.000000
0.425532,0.425532,-0.851064,0.000000,0.000000,0.085106,1.446808,1.900709,3.276596,4.425532,4.127660,0.000000,11750.000000
0.427350,0.854701,-0.854701,-0.425532,-0.425532,0.256410,1.495726,1.994302,3.162393,4.512821,4.430200,0.000000,11700.000000
-0.425532,0.000000,-1.276596,0.427350,0.427350,-0.255319,0.765957,1.304965,2.191489,3.761702,3.886525,0.000000,11750.000000
0.858369,1.287554,0.000000,-0.851064,-0.851064,0.600858,1.244635,1.945637,2.489270,4.257511,4.663805,-1.000000,11650.000000
-0.847458,0.000000,-1.271186,1.287554,1.287554,-0.593220,-0.296610,0.621469,1.122881,2.542373,3.290961,1.000000,11800.000000
1.724138,3.017241,-0.431034,-1.694915,-1.694915,0.862069,1.120690,2.126437,2.629310,3.862069,4.956897,-1.000000,11600.000000
-1.687764,0.000000,-1.687764,2.155172,2.155172,-1.012658,-1.012658,-0.196906,0.274262,1.282700,2.489451,1.000000,11850.000000
-2.066116,0.000000,-2.892562,2.109705,2.109705,-2.479339,-2.809917,-2.258953,-1.838843,-1.107438,0.220386,1.000000,12100.000000
0.833333,0.833333,-0.416667,-0.826446,-0.826446,-1.083333,-1.708333,-1.500000,-1.041667,-0.616667,0.833333,-1.000000,12000.000000
0.416667,1.250000,-0.416667,0.000000,0.000000,-0.750000,-1.500000,-1.555556,-0.979167,-0.600000,0.569444,0.000000,12000.000000
-0.414938,0.414938,-0.829876,0.416667,0.416667,-0.414938,-1.659751,-1.908714,-1.369295,-1.045643,-0.082988,0.000000,12050.000000
0.836820,1.255230,0.000000,-0.829876,-0.829876,0.585774,-0.627615,-1.032078,-0.627615,-0.334728,0.460251,-1.000000,11950.000000
-0.414938,1.244813,-0.414938,0.836820,0.836820,-0.331950,-1.203320,-1.715076,-1.473029,-1.211618,-0.636238,1.000000,12050.000000
-0.414938,1.244813,-0.414938,0.000000,0.000000,-0.248963,-0.871369,-1.493776,-1.493776,-1.211618,-0.899032,0.000000,12050.000000
-2.008032,0.401606,-2.811245,3.319502,3.319502,-2.730924,-3.534137,-4.283802,-4.518072,-4.192771,-3.949130,1.000000,12450.000000
1.271186,1.694915,-0.423729,-5.220883,-5.220883,2.203390,1.949153,1.016949,0.677966,1.016949,1.242938,-1.000000,11800.000000
1.287554,1.287554,-0.858369,-1.271186,-1.271186,3.004292,3.090129,2.288984,1.888412,2.145923,2.360515,-1.000000,11650.000000
1.287554,1.287554,-0.858369,0.000000,0.000000,2.317597,2.703863,2.231760,1.824034,1.991416,2.203147,0.000000,11650.000000
1.287554,1.287554,-0.858369,0.000000,0.000000,1.630901,2.403434,2.231760,1.824034,1.836910,2.088698,0.000000,11650.000000
0.431034,0.862069,-0.431034,-0.429185,-0.429185,0.603448,2.500000,2.557471,2.198276,2.103448,2.456897,0.000000,11600.000000
-0.429185,0.429185,-0.429185,0.431034,0.431034,-0.085837,1.716738,2.145923,1.716738,1.562232,1.917024,0.000000,11650.000000
1.762115,2.643172,-0.440529,-2.575107,-2.575107,2.026432,3.876652,4.552129,4.251101,4.070485,4.375918,-1.000000,11350.000000
0.440529,1.321586,0.000000,0.000000,0.000000,1.497797,3.259912,4.111600,4.074890,3.911894,4.155653,0.000000,11350.000000
3.652968,3.652968,-0.456621,-3.524229,-3.524229,3.926941,6.027397,7.275495,7.557077,7.452055,7.610350,-1.000000,10950.000000
0.917431,2.293578,-0.458716,-0.456621,-0.456621,3.119266,5.091743,7.094801,7.637615,7.633028,7.737003,0.000000,10900.000000
1.382488,1.843318,-0.921659,-0.458716,-0.458716,2.119816,4.700461,6.850998,7.788018,7.797235,7.895545,0.000000,10850.000000
-0.909091,0.454545,-1.818182,1.382488,1.382488,0.090909,2.681818,4.818182,5.931818,6.072727,6.166667,1.000000,11000.000000
0.909091,1.363636,-1.363636,0.000000,0.000000,-0.545455,2.090909,4.181818,5.431818,5.800000,5.924242,0.000000,11000.000000
-0.454545,0.909091,-0.909091,0.000000,0.000000,-0.454545,1.500000,3.545455,4.977273,5.563636,5.727273,0.000000,11000.000000
0.000000,0.909091,0.000000,0.000000,0.000000,-0.272727,0.954545,2.666667,4.522727,5.272727,5.500000,0.000000,11000.000000
-0.452489,0.904977,-0.452489,0.454545,0.454545,-0.361991,-0.045249,1.749623,3.597285,4.597285,4.811463,0.000000,11050.000000
-0.448430,0.000000,-1.345291,0.904977,0.904977,-0.986547,-1.121076,0.538117,2.309417,3.408072,3.707026,1.000000,11150.000000
-1.762115,0.440529,-2.202643,1.793722,1.793722,-2.114537,-2.863436,-1.409692,0.198238,1.321586,1.762115,1.000000,11350.000000
1.304348,2.173913,-1.304348,1.321586,1.321586,-2.521739,-3.652174,-2.782609,-1.347826,-0.173913,0.391304,1.000000,11500.000000
0.884956,0.884956,-0.884956,-1.739130,-1.739130,-0.265487,-1.592920,-1.238938,-0.110619,1.345133,2.020649,-1.000000,11300.000000
0.884956,0.884956,-0.884956,0.000000,0.000000,0.176991,-1.194690,-1.445428,-0.331858,1.079646,1.932153,0.000000,11300.000000
0.884956,0.884956,-0.884956,0.000000,0.000000,0.442478,-0.929204,-1.474926,-0.486726,0.849558,1.769912,0.000000,11300.000000
-0.456621,0.913242,-1.826484,-3.097345,-3.097345,2.922374,2.191781,1.430746,2.374429,3.671233,4.672755,-1.000000,10950.000000
-3.539823,0.884956,-3.539823,3.196347,3.196347,-0.619469,-0.707965,-1.504425,-0.951327,0.194690,1.224189,1.000000,11300.000000
2.272727,2.272727,0.000000,-2.654867,-2.654867,1.545455,2.000000,1.242424,1.477273,2.400000,3.681818,-1.000000,11000.000000
2.314815,2.777778,-0.462963,-1.818182,-1.818182,2.500000,3.657408,3.086420,2.962963,3.925926,5.216049,-1.000000,10800.000000
0.952381,1.428571,-1.904762,-2.777778,-2.777778,3.904762,6.000000,5.714286,5.500000,6.457143,7.761905,-1.000000,10500.000000
-1.415094,0.471698,-1.415094,0.952381,0.952381,2.264151,4.292453,4.465409,4.150943,5.056604,6.289308,1.000000,10600.000000
2.392344,2.392344,-0.478469,-1.415094,-1.415094,2.105263,4.784689,5.614035,5.406699,6.105263,7.304625,-1.000000,10450.000000
-0.938967,1.408451,-1.408451,1.913876,1.913876,-0.469484,2.206573,3.411581,3.309859,3.755868,4.726135,1.000000,10650.000000
0.469484,0.469484,-1.408451,0.000000,0.000000,-0.751174,1.596244,3.161189,3.215962,3.380282,4.366197,0.000000,10650.000000
-0.934579,0.467290,-1.869159,0.469484,0.469484,-0.841121,0.560748,2.398754,2.593458,2.654206,3.582555,0.000000,10700.000000
0.000000,0.938967,-0.469484,-0.467290,-0.467290,-0.281690,0.751174,2.441314,2.910798,2.873240,3.755868,0.000000,10650.000000
-0.467290,0.000000,-1.401869,0.469484,0.469484,-0.280374,-0.280374,1.464175,2.289720,2.299065,2.975078,0.000000,10700.000000
-0.469484,0.469484,-0.938967,-0.467290,-0.467290,0.187793,-0.140845,1.533646,2.605634,2.685446,3.161189,0.000000,10650.000000
1.913876,1.913876,-0.478469,-1.877934,-1.877934,1.722488,1.435407,2.934609,4.282297,4.497608,4.752791,-1.000000,10450.000000
0.483092,0.966184,-0.483092,-0.956938,-0.956938,2.028986,2.270531,3.317230,4.903382,5.256039,5.442834,-1.000000,10350.000000
0.975610,1.463415,-0.487805,-0.966184,-0.966184,2.243902,2.926829,3.869919,5.390244,5.990244,6.113821,-1.000000,10250.000000
0.000000,1.470588,-0.980392,-0.487805,-0.487805,1.764706,3.186275,3.660131,5.269608,6.196078,6.388889,0.000000,10200.000000
0.995025,2.487562,-0.497512,-1.470588,-1.470588,2.089552,4.129353,4.577115,6.218905,7.402985,7.694859,-1.000000,10050.000000
2.551020,2.551020,-0.714286,-2.487562,-2.487562,3.367347,5.918367,6.564626,8.163265,9.632653,10.085034,-1.000000,9800.000000
2.988261,3.415155,-0.106724,-4.387755,-4.387755,6.019210,9.359658,10.651014,12.097118,13.903949,14.557097,-1.000000,9370.000000
-0.846561,0.846561,-1.164021,0.853789,0.853789,3.428571,7.164021,8.902998,10.354497,12.135449,13.040565,1.000000,9450.000000
-1.260504,0.315126,-1.785714,0.740741,0.740741,1.239496,5.136555,7.450980,8.608193,10.478992,11.691176,1.000000,9520.000000
1.063830,2.127660,0.000000,-1.260504,-1.260504,1.148936,5.148936,7.936170,9.143617,11.080851,12.549645,-1.000000,9400.000000
2.530253,2.860286,-0.440044,-3.297872,-3.297872,3.036304,7.238724,10.473047,11.925193,13.896589,15.669233,-1.000000,9090.000000
0.664452,1.661130,-0.442968,-0.660066,-0.660066,2.967885,6.489480,9.974160,11.854928,13.647840,15.655223,-1.000000,9030.000000
0.770925,2.202643,0.000000,0.553710,0.553710,1.585903,4.614537,8.215859,10.401982,12.198237,14.185022,1.000000,9080.000000
-2.285093,0.544070,-2.285093,1.211454,1.211454,-0.348205,2.263330,5.825172,8.394995,9.936888,11.980413,1.000000,9190.000000
-2.754237,0.211864,-2.754237,2.720348,2.720348,-2.902542,-1.091102,2.168079,4.883474,6.364407,8.358051,1.000000,9440.000000
2.171553,2.171553,-0.868621,-2.436441,-2.436441,-0.217155,0.738328,3.821933,6.720955,8.330076,10.307636,-1.000000,9210.000000
2.362205,3.374578,-1.012373,-3.474484,-3.474484,3.059618,3.824522,6.464192,9.544432,11.505062,13.374578,-1.000000,8890.000000
1.257143,1.257143,-1.600000,-1.574803,-1.574803,3.954286,4.685714,7.024762,10.211429,12.443429,14.350476,-1.000000,8750.000000
3.062426,3.769140,-0.235571,-2.971429,-2.971429,5.488811,6.678445,8.959560,12.285041,14.963487,16.749117,-1.000000,8490.000000
5.296343,7.061790,-0.378310,-6.595995,-6.595995,9.129887,12.358133,14.871795,18.499369,21.709963,23.703238,-1.000000,7930.000000
-4.240766,3.009576,-5.471956,-7.818411,-7.818411,13.187414,19.452805,22.343821,26.402189,30.205198,32.603741,-1.000000,7310.000000
2.234637,5.027933,-0.698324,-2.051984,-2.051984,10.726257,19.343575,22.849161,26.822626,30.955307,33.826817,-1.000000,7160.000000
-4.022988,3.448276,-4.310345,-2.793296,-2.793296,8.764368,19.727011,23.994253,28.103449,32.597702,35.929119,-1.000000,6960.000000
1.596517,8.563135,0.000000,-1.005747,-1.005747,5.224964,17.605225,22.709240,27.002903,31.732946,35.587807,-1.000000,6890.000000
9.803922,15.196078,-5.065360,-11.175617,-11.175617,12.549020,26.977123,34.575165,39.771240,45.346405,50.179737,-1.000000,6120.000000
-4.126984,1.587302,-7.619048,2.941176,2.941176,6.126984,18.730158,27.777779,33.000000,38.558731,43.587303,1.000000,6300.000000
-1.839465,1.170569,-1.839465,-5.079365,-5.079365,7.859532,20.217392,31.215162,37.282608,43.050167,48.639912,-1.000000,5980.000000
-4.610493,0.635930,-4.610493,5.183947,5.183947,0.413355,10.381558,21.791203,28.004770,33.481716,39.003708,1.000000,6290.000000
-0.441826,0.883652,-5.891016,7.949126,7.949126,-7.275405,-0.250368,10.466372,16.568483,21.643593,26.848307,1.000000,6790.000000
-4.564315,0.968188,-5.809129,6.480118,6.480118,-9.847857,-7.289073,1.705855,7.973721,12.680498,17.551867,1.000000,7230.000000
0.694444,4.583333,-0.277778,-0.414938,-0.414938,-6.972222,-7.055555,0.268519,7.111111,11.705556,16.537037,0.000000,7200.000000
-2.057613,0.000000,-6.035666,1.250000,1.250000,-4.526749,-8.024692,-2.432556,4.595336,9.185185,13.699131,1.000000,7290.000000
-0.805369,1.073825,-1.610738,2.194787,2.194787,-3.463087,-9.342282,-5.691275,1.255034,5.766443,10.004475,1.000000,7450.000000
0.536913,4.832215,-1.208054,0.000000,0.000000,-1.691275,-8.590604,-6.621924,0.087248,4.655034,8.774049,0.000000,7450.000000
-1.595745,1.063830,-4.787234,0.939597,0.939597,-1.835106,-7.579787,-7.854610,-2.121011,2.680851,6.640071,1.000000,7520.000000
-0.922266,1.054018,-0.922266,0.930851,0.930851,-1.712780,-6.732543,-8.458498,-4.090909,0.943347,4.685990,1.000000,7590.000000
-2.292994,0.509554,-3.312102,3.425560,3.425560,-3.541401,-7.439490,-10.904459,-7.929936,-3.001274,0.573248,1.000000,7850.000000
-2.331288,0.000000,-2.331288,3.821656,3.821656,-5.374233,-8.564417,-13.210634,-11.687117,-7.028221,-3.660532,1.000000,8150.000000
-2.380952,1.428571,-4.285714,3.067485,3.067485,-5.928571,-9.369047,-14.595238,-14.369047,-10.171429,-6.972222,1.000000,8400.000000
0.354191,1.652893,-2.361275,0.833333,0.833333,-4.462810,-8.654073,-13.451397,-14.757969,-11.371901,-8.107044,1.000000,8470.000000
0.000000,0.941176,-2.941176,0.354191,0.354191,-2.658823,-7.447059,-12.031373,-14.358824,-12.018824,-8.662745,0.000000,8500.000000
1.668653,1.668653,-1.787843,-1.294118,-1.294118,-0.095352,-4.922527,-8.963051,-12.502979,-11.103695,-7.719507,-1.000000,8390.000000
-0.118906,0.594530,-0.713436,0.238379,0.238379,0.285375,-4.007134,-7.499009,-11.848989,-11.476813,-8.204518,0.000000,8410.000000
-0.118906,0.594530,-0.713436,0.000000,0.000000,0.309156,-2.865636,-6.214824,-10.945303,-11.514863,-8.513674,0.000000,8410.000000
-1.177856,0.000000,-3.062426,0.951249,0.951249,-0.588928,-2.638398,-6.109148,-10.388693,-12.084805,-9.748724,1.000000,8490.000000
-0.464037,0.696056,-1.508121,1.531213,1.531213,-1.809745,-2.911833,-6.426914,-10.394431,-12.802784,-11.337974,1.000000,8620.000000
-0.685714,1.371429,-2.857143,1.508121,1.508121,-2.445714,-3.325714,-6.704762,-10.142858,-13.371428,-12.708571,1.000000,8750.000000
2.823529,2.941176,-2.235294,-2.857143,-2.857143,0.635294,-0.070588,-3.137255,-6.200000,-10.098824,-10.239216,-1.000000,8500.000000
-1.415094,0.000000,-3.419811,-0.235294,-0.235294,1.037736,0.259434,-2.099057,-4.982311,-9.136792,-10.031446,0.000000,8480.000000
-0.116686,0.700117,-1.400233,1.061321,1.061321,0.163361,-0.676779,-2.310385,-5.198366,-8.947492,-10.727344,1.000000,8570.000000
2.004717,2.004717,-0.943396,-1.050175,-1.050175,0.896226,0.353774,-0.573899,-3.437500,-6.952830,-9.319968,-1.000000,8480.000000
-1.504630,0.694444,-2.083333,1.886792,1.886792,-1.226852,-1.215278,-1.805556,-4.444445,-7.444445,-10.428241,1.000000,8640.000000
-0.572082,0.800915,-1.258581,1.157407,1.157407,-1.807780,-1.967963,-2.479024,-4.799771,-7.382151,-10.774219,1.000000,8740.000000
-3.186813,0.000000,-3.846154,4.118993,4.118993,-4.329670,-5.087912,-5.824176,-7.659341,-10.030769,-13.494506,1.000000,9100.000000
-3.186813,0.000000,-3.846154,0.000000,0.000000,-3.164835,-4.417583,-5.362638,-6.791209,-9.208791,-12.402930,0.000000,9100.000000
-3.186813,0.000000,-3.846154,0.000000,0.000000,-1.802198,-3.890110,-4.923077,-5.961538,-8.373627,-11.377290,0.000000,9100.000000
1.005587,1.675978,-1.675978,-1.648352,-1.648352,0.536313,-2.055866,-2.912477,-3.770950,-6.096089,-8.785848,-1.000000,8950.000000
1.005587,1.675978,-1.675978,0.000000,0.000000,1.005587,-1.553073,-2.510242,-3.324022,-5.425698,-7.795158,0.000000,8950.000000
-0.880088,0.550055,-0.880088,1.564246,1.564246,-0.572057,-2.398240,-3.513018,-4.433444,-6.160616,-8.371838,1.000000,9090.000000
0.440044,0.440044,-0.660066,0.000000,0.000000,-0.594059,-1.826183,-3.072974,-4.092409,-5.469747,-7.689769,0.000000,9090.000000
-1.195652,0.434783,-1.304348,1.210121,1.210121,-1.565217,-2.217391,-3.811594,-4.858696,-5.900000,-8.068841,1.000000,9200.000000
0.000000,1.530055,-0.437158,-0.543478,-0.543478,-0.590164,-1.125683,-2.994535,-3.923497,-4.817486,-6.888889,-1.000000,9150.000000
0.987925,0.987925,-2.195390,-0.437158,-0.437158,0.197585,-0.285401,-2.122210,-3.117453,-3.978046,-5.872667,0.000000,9110.000000
-1.096491,0.219298,-2.302632,0.109769,0.109769,0.153509,-0.372807,-1.761696,-2.834430,-3.767544,-5.365497,0.000000,9120.000000
0.000000,0.000000,-2.530253,-0.328947,-0.328947,0.484048,-0.055006,-1.056106,-2.183718,-3.177118,-4.477448,0.000000,9090.000000
1.000000,1.111111,-1.333333,-0.990099,-0.990099,1.044444,0.833333,0.318519,-0.994444,-1.986667,-3.000000,-1.000000,9000.000000
5.154639,10.309278,-1.958763,7.777778,7.777778,-5.113402,-5.670103,-6.192440,-7.649485,-8.519588,-9.364262,1.000000,9700.000000
-0.201410,0.604230,-1.812689,2.371134,2.371134,-5.659617,-6.868076,-7.566298,-9.068480,-10.026183,-10.866062,1.000000,9930.000000
-2.912621,1.941748,-3.980582,3.726083,3.726083,-6.757282,-9.038835,-10.110032,-11.451456,-12.524272,-13.453074,1.000000,10300.000000
0.966184,1.932367,-0.483092,0.485437,0.485437,-4.772947,-8.260870,-9.739130,-11.019323,-12.228020,-13.265700,0.000000,10350.000000
1.980198,3.465347,-1.485149,-2.415459,-2.415459,-0.237624,-5.099010,-6.844884,-8.014852,-9.469307,-10.590759,-1.000000,10100.000000
-0.492611,0.492611,-1.773399,0.495050,0.495050,0.157635,-4.581281,-6.515599,-7.724138,-9.363546,-10.453202,0.000000,10150.000000
-1.923077,1.442308,-3.365385,2.463054,2.463054,-1.346154,-5.634615,-7.833333,-9.144231,-10.811539,-11.967949,1.000000,10400.000000
-3.225806,0.000000,-4.147465,4.326923,4.326923,-4.423963,-7.953917,-10.574501,-12.105990,-13.636867,-14.869431,1.000000,10850.000000
1.886792,2.830189,-2.358490,-2.304147,-2.304147,-1.698113,-4.358490,-7.515723,-9.325472,-10.833962,-12.198113,-1.000000,10600.000000
-2.777778,0.000000,-4.166667,1.886792,1.886792,-2.222222,-4.462963,-8.240741,-10.217592,-11.625926,-13.151235,1.000000,10800.000000
-0.921659,0.000000,-2.304147,0.462963,0.462963,-1.382488,-3.843318,-7.619048,-9.755760,-11.218433,-12.906298,0.000000,10850.000000
1.408451,1.408451,-1.408451,-1.843318,-1.843318,0.938967,-1.361502,-4.920188,-7.262911,-8.833803,-10.597809,-1.000000,10650.000000
-0.467290,1.401869,-0.934579,0.469484,0.469484,0.186916,-1.448598,-4.380062,-6.943925,-8.661682,-10.323988,0.000000,10700.000000
0.467290,0.934579,-1.401869,0.000000,0.000000,0.373832,-1.121495,-3.376947,-6.191589,-8.063551,-9.660436,0.000000,10700.000000
0.469484,0.469484,-0.469484,-0.467290,-0.467290,0.563380,-0.140845,-1.890454,-5.070423,-7.049765,-8.557120,0.000000,10650.000000
1.421801,1.421801,-0.473934,-0.938967,-0.938967,0.947867,1.184834,-0.423381,-3.507109,-5.562085,-7.086888,-1.000000,10550.000000
0.473934,0.947867,-1.421801,0.000000,0.000000,0.758294,1.327014,-0.031596,-2.824645,-4.955450,-6.515008,0.000000,10550.000000
-1.415094,0.000000,-1.415094,0.473934,0.473934,0.094340,0.613208,-0.314465,-2.584906,-4.833962,-6.484277,0.000000,10600.000000
4.950495,4.950495,-1.089109,-4.716981,-4.716981,3.861386,5.099010,4.455446,2.737624,0.277228,-1.524752,-1.000000,10100.000000
1.348548,2.074689,-0.103734,-4.554455,-4.554455,6.721992,8.910789,9.121716,7.971992,5.244813,3.360996,-1.000000,9640.000000
6.243155,6.243155,-0.328587,-5.290456,-5.290456,9.572837,13.110624,14.472435,13.691128,11.115005,9.200438,-1.000000,9130.000000
-0.320856,1.283422,-0.855615,2.409639,2.409639,4.427807,9.058824,11.030303,10.705882,8.603209,6.773619,1.000000,9350.000000
-2.224576,0.423729,-2.224576,0.962567,0.962567,0.974576,6.684322,8.975988,9.194915,7.703390,5.879237,1.000000,9440.000000
0.000000,0.739176,-0.950370,0.317797,0.317797,-0.675818,5.047518,7.835269,8.384372,7.522703,5.677578,0.000000,9470.000000
-0.942408,0.523560,-0.942408,0.844773,0.844773,-1.696335,3.015707,6.059337,7.188482,6.852356,4.914485,1.000000,9550.000000
-2.151639,1.946721,-3.073771,2.198953,2.198953,-2.520492,-0.010246,3.032787,4.682377,4.577869,2.865437,1.000000,9760.000000
0.000000,2.145046,-0.408580,0.307377,0.307377,-1.920327,-1.092952,2.131427,4.050051,4.200204,2.781750,0.000000,9790.000000
0.304569,1.015228,-0.710660,0.612870,0.612870,-1.685279,-2.456853,0.934010,2.908629,3.382741,2.402707,1.000000,9850.000000
1.761658,1.761658,-1.139896,-2.030457,-2.030457,0.725389,-0.901554,2.300518,4.549223,5.235233,4.718480,-1.000000,9650.000000
0.616016,0.616016,-1.129363,0.932642,0.932642,0.184805,-1.714579,0.732375,3.039014,4.114990,4.004107,1.000000,9740.000000
1.481481,2.328042,-0.529101,-2.977413,-2.977413,2.603175,1.640212,3.047619,5.460318,7.013757,7.107584,-1.000000,9450.000000
0.419727,0.419727,-0.524659,0.846561,0.846561,1.196222,0.975866,1.469045,3.987408,5.750262,6.068555,1.000000,9530.000000
-0.521921,0.626305,-0.626305,0.524659,0.524659,0.104384,0.594990,0.229645,2.860125,4.668058,5.264440,0.000000,9580.000000
-1.237113,0.000000,-1.443299,1.252610,1.252610,-1.030928,-0.412371,-1.285223,1.072165,3.002062,3.738832,1.000000,9700.000000
-5.865385,0.961538,-5.865385,7.216495,7.216495,-6.423077,-6.298077,-7.442307,-5.850962,-4.084615,-3.147436,1.000000,10400.000000
4.545455,5.050505,-0.404040,-4.807693,-4.807693,-0.787879,-1.424242,-2.249158,-1.424242,0.375758,1.659933,-1.000000,9900.000000
2.156058,2.566735,-0.410678,-1.616162,-1.616162,1.273101,0.143737,-0.376454,-0.220739,1.650924,3.104038,-1.000000,9740.000000
-1.616162,0.808081,-1.919192,1.642710,1.642710,0.282828,-1.424242,-1.676768,-2.186869,-0.315152,1.117845,1.000000,9900.000000
0.609756,1.117886,-0.101626,-0.606061,-0.606061,1.178862,-0.630081,-0.826558,-1.722561,-0.056911,1.476965,-1.000000,9840.000000
-1.807229,1.907631,-2.409639,1.219512,1.219512,-0.923695,-1.606426,-1.746988,-2.745984,-1.538153,-0.026774,1.000000,9960.000000
-0.597015,0.995025,-0.796020,0.903614,0.903614,-1.512438,-1.890547,-2.434494,-3.159204,-2.618906,-1.187396,1.000000,10050.000000
0.100100,1.601602,-1.901902,-0.597015,-0.597015,-0.420420,-0.840841,-1.715048,-2.257257,-2.258258,-0.814147,-1.000000,9990.000000
1.000000,1.000000,-0.400000,0.100100,0.100100,-0.320000,-0.520000,-1.713333,-2.075000,-2.596000,-1.146667,0.000000,10000.000000
0.603622,1.609658,0.000000,-0.600000,-0.600000,0.482897,0.321932,-0.925553,-1.247485,-2.072435,-0.804829,-1.000000,9940.000000
-1.584158,0.000000,-1.782178,1.609658,1.609658,-0.831683,-1.564356,-2.257426,-2.539604,-3.441584,-2.557756,1.000000,10100.000000
-6.451613,0.000000,-8.018434,7.425743,7.425743,-6.211982,-7.493088,-8.153610,-8.774194,-9.482028,-9.201229,1.000000,10850.000000
2.380952,2.380952,-0.952381,-3.225806,-3.225806,-2.114286,-3.685714,-4.476191,-5.395238,-6.026667,-6.190476,-1.000000,10500.000000
-1.415094,1.886792,-1.886792,0.952381,0.952381,-1.905660,-3.933962,-4.735849,-5.933962,-6.475471,-7.075472,1.000000,10600.000000
2.884615,2.884615,-0.480769,-1.886792,-1.886792,0.865385,-1.548077,-2.455128,-3.764423,-4.319231,-5.192307,-1.000000,10400.000000
0.000000,0.480769,-1.923077,0.000000,0.000000,1.442308,-1.125000,-2.455128,-3.447115,-3.992308,-4.948718,0.000000,10400.000000
-0.478469,1.913876,-0.956938,0.480769,0.480769,0.191388,-1.215311,-2.570973,-3.430622,-4.187560,-4.982456,0.000000,10450.000000
-0.476190,3.333333,-0.952381,0.478469,0.478469,-0.285714,-1.200000,-2.552381,-3.428571,-4.373333,-5.069841,0.000000,10500.000000
0.473934,1.421801,-0.473934,0.476190,0.476190,-0.853081,-1.146919,-2.603476,-3.426540,-4.561138,-5.169036,0.000000,10550.000000
-4.504505,0.900901,-5.405406,5.213270,5.213270,-4.504505,-5.000000,-6.672673,-7.581081,-8.767568,-9.378378,1.000000,11100.000000
12.875537,17.167381,-0.429185,4.954955,4.954955,-6.866953,-8.154507,-10.111588,-11.407725,-12.418884,-13.055794,1.000000,11650.000000
-3.585657,1.195219,-3.984064,7.725322,7.725322,-10.199203,-13.386455,-15.229748,-16.705179,-17.711554,-18.549801,1.000000,12550.000000
-2.573529,6.617647,-3.676471,8.366534,8.366534,-12.573529,-17.794117,-20.004902,-21.716911,-22.867647,-23.904411,1.000000,13600.000000
3.076923,3.461539,-0.769231,-4.411765,-4.411765,-4.769231,-12.153846,-14.774359,-16.911539,-18.255384,-19.584616,-1.000000,13000.000000
1.960784,3.529412,-0.392157,-1.923077,-1.923077,-0.313726,-8.588235,-11.633986,-14.141176,-15.695686,-17.197386,-1.000000,12750.000000
0.398406,3.984064,-1.593626,-1.568627,-1.568627,2.709163,-5.418327,-8.924303,-11.741035,-13.666932,-15.131474,-1.000000,12550.000000
-1.562500,0.781250,-2.343750,1.992032,1.992032,1.093750,-5.429688,-9.687500,-12.390625,-14.446875,-15.916667,1.000000,12800.000000
1.185771,3.162055,-1.185771,-1.171875,-1.171875,0.790514,-2.608696,-7.483531,-10.300395,-12.512253,-14.097497,-1.000000,12650.000000
2.429150,2.834008,-0.809717,-2.371542,-2.371542,2.186235,1.214575,-4.291498,-7.170041,-9.593522,-11.263158,-1.000000,12350.000000
-0.803213,0.401606,-2.409639,0.809717,0.809717,0.883534,1.485944,-3.962517,-6.907630,-9.481125,-11.239625,1.000000,12450.000000
0.000000,0.000000,-3.212852,0.000000,0.000000,0.722892,2.128514,-2.864793,-5.963855,-8.681125,-10.690763,0.000000,12450.000000
0.000000,0.000000,-3.212852,0.000000,0.000000,0.160643,2.048193,-1.793842,-5.321285,-7.910040,-10.008032,0.000000,12450.000000
5.439331,5.439331,-1.255230,-4.016064,-4.016064,3.179916,4.937239,3.124128,-0.753138,-3.400837,-5.626220,-1.000000,11950.000000
0.000000,1.673640,-1.673640,0.000000,0.000000,2.510460,4.058578,3.905160,-0.188285,-2.748117,-5.054393,0.000000,11950.000000
7.555555,7.555555,-0.888889,-5.857740,-5.857740,6.755556,9.200000,10.459259,6.400000,3.768889,1.271111,-1.000000,11250.000000
-0.442478,1.769912,-1.327434,0.444444,0.444444,4.247787,7.610620,9.764011,6.327434,3.734513,1.218289,0.000000,11300.000000
-0.877193,0.877193,-3.508772,0.884956,0.884956,1.491228,5.438597,8.128655,5.811403,3.017544,0.725146,1.000000,11400.000000
-4.897959,1.632653,-4.897959,7.456141,7.456141,-5.061224,-2.204082,-0.108844,-0.816327,-3.559184,-5.648980,1.000000,12250.000000
0.813008,0.813008,-3.658537,0.408163,0.408163,-4.878049,-2.642277,-0.894309,-0.508130,-3.398374,-5.409214,0.000000,12300.000000
1.250000,1.666667,-0.416667,-2.439024,-2.439024,-1.250000,-0.583333,1.166667,2.354167,-0.450000,-2.472222,-1.000000,12000.000000
0.411523,5.761317,-0.823045,1.250000,1.250000,-1.069959,-2.057613,-0.301783,1.296296,-1.102881,-3.113855,1.000000,12150.000000
2.928870,3.765690,-1.255230,-1.646091,-1.646091,1.506276,-0.836820,0.892608,2.740586,1.054393,-1.185495,-1.000000,11950.000000
0.000000,0.416667,-1.250000,0.418410,0.418410,0.666667,-1.208333,0.111111,1.645833,1.133333,-1.180556,0.000000,12000.000000
0.000000,1.250000,-0.416667,0.000000,0.000000,0.166667,-1.166667,-0.083333,1.229167,1.616667,-0.791667,0.000000,12000.000000
-0.823045,0.000000,-1.234568,1.250000,1.250000,-0.823045,-1.646091,-1.481481,-0.267490,0.707819,-1.536351,1.000000,12150.000000
-1.666667,0.416667,-2.083333,-1.234568,-1.234568,0.166667,0.166667,-0.500000,0.750000,2.083333,0.138889,-1.000000,12000.000000
-2.834008,0.809717,-3.643725,2.916667,2.916667,-2.024292,-1.902834,-3.373819,-2.287449,-0.874494,-2.186235,1.000000,12350.000000
1.619433,1.619433,-1.619433,0.000000,0.000000,-1.457490,-1.821862,-3.157895,-2.408907,-1.279352,-1.686910,0.000000,12350.000000
-0.826446,0.826446,-1.239669,-2.024292,-2.024292,0.743802,0.041322,-1.074380,-0.495868,0.462810,0.771350,-1.000000,12100.000000
0.000000,0.409836,-1.229508,0.826446,0.826446,0.000000,-0.614754,-1.366120,-1.413934,-0.540984,0.245902,1.000000,12200.000000
-0.408163,0.000000,-1.632653,0.409836,0.409836,0.000000,-0.938776,-1.251701,-1.897959,-1.044898,0.000000,0.000000,12250.000000
-0.406504,0.406504,-0.813008,0.408163,0.408163,-0.487805,-1.056911,-1.165312,-2.357723,-1.609756,-0.474255,0.000000,12300.000000
0.816327,1.224490,-0.408163,-0.406504,-0.406504,-0.244898,-0.448980,-0.761905,-1.836735,-1.338776,-0.435374,0.000000,12250.000000
0.000000,0.406504,-0.813008,0.408163,0.408163,-0.325203,-0.609756,-1.165312,-2.093496,-1.756098,-1.029810,0.000000,12300.000000
1.234568,1.646091,-0.411523,-1.219512,-1.219512,0.823045,0.617284,0.137174,-0.514403,-0.641975,0.027435,-1.000000,12150.000000
-0.411523,0.823045,-0.823045,0.000000,0.000000,0.658436,0.740741,0.137174,-0.164609,-0.740741,-0.082305,0.000000,12150.000000
1.687764,2.531646,-0.421941,-2.469136,-2.469136,2.447257,2.869198,2.616034,2.552743,1.569620,2.180028,-1.000000,11850.000000
2.586207,2.586207,-0.862069,-2.109705,-2.109705,3.534483,4.439655,4.597701,4.482759,3.637931,4.080460,-1.000000,11600.000000
0.000000,0.000000,-2.564103,0.862069,0.862069,1.623932,3.205128,3.532763,3.333333,2.666667,3.005698,1.000000,11700.000000
-0.434783,1.304348,-0.869565,-1.709402,-1.709402,2.260870,4.391304,4.956522,4.913043,4.539130,4.521739,-1.000000,11500.000000
-0.862069,0.431034,-1.724138,0.869565,0.869565,0.431034,2.931035,3.821839,3.771552,3.741379,3.376437,1.000000,11600.000000
-2.100840,0.840336,-2.521008,2.586207,2.586207,-2.016807,0.000000,0.952381,1.134454,1.294118,0.616247,1.000000,11900.000000
0.416667,0.416667,-1.250000,0.840336,0.840336,-2.166667,-1.041667,-0.083333,0.291667,0.366667,-0.208333,1.000000,12000.000000
0.416667,0.416667,-1.250000,0.000000,0.000000,-1.666667,-1.291667,-0.138889,0.291667,0.266667,-0.194444,0.000000,12000.000000
0.416667,0.416667,-1.250000,0.000000,0.000000,-0.833333,-1.416667,-0.250000,0.229167,0.266667,0.013889,0.000000,12000.000000
0.416667,0.416667,-1.250000,0.000000,0.000000,-0.166667,-1.541667,-0.388889,0.229167,0.216667,0.208333,0.000000,12000.000000
-1.652893,0.413223,-1.652893,0.833333,0.833333,-0.661157,-2.148760,-1.322314,-0.702479,-0.561983,-0.426997,1.000000,12100.000000
1.255230,2.092050,0.000000,-1.239669,-1.239669,0.502092,-0.627615,-0.251046,0.376569,0.669456,0.739191,-1.000000,11950.000000
-1.250000,0.416667,-1.666667,0.418410,0.418410,0.083333,-0.791667,-0.833333,-0.083333,0.250000,0.236111,0.000000,12000.000000
0.416667,0.416667,-0.833333,0.000000,0.000000,0.083333,-0.375000,-0.916667,-0.166667,0.200000,0.236111,0.000000,12000.000000
0.416667,0.416667,-0.833333,0.000000,0.000000,0.083333,-0.041667,-1.000000,-0.270833,0.200000,0.194444,0.000000,12000.000000
0.000000,0.413223,-2.479339,0.833333,0.833333,-0.743802,-0.702479,-1.680441,-1.177686,-0.710744,-0.592287,1.000000,12100.000000
-0.411523,0.411523,-1.234568,0.413223,0.413223,-0.823045,-0.987654,-1.783265,-1.625514,-1.185185,-0.960220,0.000000,12150.000000
0.826446,0.826446,-0.826446,-0.411523,-0.411523,-0.247934,-0.495868,-1.157025,-1.301653,-0.776860,-0.523416,0.000000,12100.000000
0.416667,0.833333,-0.833333,-0.826446,-0.826446,0.583333,0.333333,-0.055556,-0.541667,-0.016667,0.263889,-1.000000,12000.000000
-6.250000,16.796875,-7.421875,6.666667,6.666667,-4.453125,-5.312500,-5.677083,-6.503906,-6.093750,-5.794271,1.000000,12800.000000
0.772201,3.474904,-3.474904,1.171875,1.171875,-4.247104,-5.752896,-6.229086,-7.162162,-6.980695,-6.731017,1.000000,12950.000000
-1.145038,4.580153,-3.435115,1.158301,1.158301,-3.893130,-5.954198,-6.743002,-7.652672,-7.786260,-7.608142,1.000000,13100.000000
1.562500,2.734375,-0.390625,-2.290076,-2.290076,-0.546875,-3.125000,-4.140625,-5.058594,-5.468750,-5.260417,-1.000000,12800.000000
3.212852,4.819277,-0.401606,-2.734375,-2.734375,2.971888,-0.040161,-1.204819,-2.008032,-2.714859,-2.530120,-1.000000,12450.000000
-0.793651,0.396825,-1.587302,1.204819,1.204819,1.428571,-0.753968,-2.063492,-2.777778,-3.730159,-3.597884,1.000000,12600.000000
2.016129,2.822581,-1.209677,-1.587302,-1.587302,2.177419,1.088710,-0.322581,-1.008065,-2.000000,-2.016129,-1.000000,12400.000000
1.646091,2.057613,-0.411523,-2.016129,-2.016129,2.716049,3.168724,1.838134,1.090535,0.197531,-0.027435,-1.000000,12150.000000
-0.813008,0.813008,-1.219512,1.234568,1.234568,0.650406,2.073171,0.758808,-0.020325,-0.829268,-1.246612,1.000000,12300.000000
0.000000,0.826446,-1.239669,-1.626016,-1.626016,1.735537,3.842975,2.479339,1.673554,1.008264,0.371901,-1.000000,12100.000000
0.833333,2.083333,-0.833333,-0.826446,-0.826446,1.583333,4.041667,3.333333,2.520833,1.983333,1.166667,-1.000000,12000.000000
-0.414938,1.244813,-1.244813,0.416667,0.416667,0.580913,2.863070,2.876902,2.074689,1.609959,0.802213,0.000000,12050.000000
-0.823045,1.234568,-0.823045,0.829876,0.829876,-0.246914,1.234568,2.030178,1.316872,0.823045,0.123457,1.000000,12150.000000
0.000000,0.000000,-1.224490,0.823045,0.823045,-1.142857,-0.040816,1.278912,0.591837,0.081633,-0.544218,1.000000,12250.000000
-2.755906,5.905512,-3.543307,3.673469,3.673469,-3.700787,-3.385827,-1.942257,-2.696850,-3.244094,-3.753281,1.000000,12700.000000
2.429150,2.429150,-0.404858,-2.755906,-2.755906,-0.404858,-0.850202,0.593792,0.202429,-0.388664,-0.823212,-1.000000,12350.000000
-0.803213,1.204819,-0.803213,0.809717,0.809717,-0.562249,-1.606426,-0.481928,-0.461847,-1.076305,-1.472557,1.000000,12450.000000
-1.960784,0.000000,-2.745098,2.409639,2.409639,-1.960784,-3.450980,-3.006536,-2.568627,-3.152941,-3.594771,1.000000,12750.000000
-1.158301,0.772201,-1.544402,1.568627,1.568627,-2.393822,-4.440155,-4.427284,-3.745174,-4.355212,-4.839125,1.000000,12950.000000
0.772201,0.772201,-1.158301,0.000000,0.000000,-2.007722,-3.783784,-4.169884,-3.378378,-4.061776,-4.594594,0.000000,12950.000000
1.568627,1.960784,-0.392157,-1.544402,-1.544402,0.156863,-1.686275,-2.588235,-1.882353,-2.321569,-2.901961,-1.000000,12750.000000
-1.190476,0.793651,-2.777778,-1.176471,-1.176471,1.587302,-0.079365,-1.322751,-0.853175,-1.000000,-1.613757,-1.000000,12600.000000
0.403226,1.209677,-0.806452,-1.587302,-1.587302,2.661290,1.733871,0.403226,0.463710,0.677419,0.094086,-1.000000,12400.000000
-0.401606,0.401606,-1.606426,0.403226,0.403226,1.445783,1.485944,0.080321,-0.080321,0.385542,-0.187416,0.000000,12450.000000
-0.401606,0.401606,-1.204819,0.000000,0.000000,0.642570,1.285141,0.267738,-0.080321,0.530120,-0.066934,0.000000,12450.000000
0.809717,1.214575,-0.404858,-0.803213,-0.803213,0.809717,2.105263,1.268556,0.627530,1.198381,0.836707,-1.000000,12350.000000
0.000000,1.209677,-0.806452,0.404858,0.404858,0.080645,1.653226,1.048387,0.221774,0.612903,0.510753,0.000000,12400.000000
-1.581028,0.000000,-1.976285,2.016129,2.016129,-1.501976,-0.434783,-0.685112,-1.561265,-1.517787,-1.343874,1.000000,12650.000000
1.600000,2.000000,-0.800000,-1.185771,-1.185771,-0.240000,0.400000,0.640000,-0.300000,-0.432000,-0.053333,-1.000000,12500.000000
-0.793651,0.396825,-1.587302,0.800000,0.800000,-0.793651,-0.674603,-0.211640,-0.892857,-1.174603,-0.687831,1.000000,12600.000000
1.204819,1.606426,-0.401606,-1.190476,-1.190476,0.562249,0.281125,1.044177,0.481928,-0.032129,0.414993,-1.000000,12450.000000
1.224490,2.040816,0.000000,-1.606426,-1.606426,1.959184,1.632653,2.585034,2.204082,1.551020,1.863946,-1.000000,12250.000000
0.406504,0.813008,-0.813008,0.408163,0.408163,0.975610,1.138211,1.924119,1.849594,1.186992,1.233062,0.000000,12300.000000
0.408163,0.816327,-0.408163,-0.406504,-0.406504,0.979592,1.387755,1.959184,2.265306,1.583673,1.496599,0.000000,12250.000000
0.819672,0.819672,-0.409836,-0.408163,-0.408163,0.737705,1.598361,1.967213,2.479508,2.032787,1.844262,0.000000,12200.000000
-0.406504,0.000000,-1.219512,0.819672,0.819672,-0.325203,0.731707,0.894309,1.626016,1.300813,0.934959,1.000000,12300.000000
2.049180,2.049180,-0.409836,-0.813008,-0.813008,0.409836,1.393443,1.502732,2.356557,2.180328,1.707650,-1.000000,12200.000000
1.250000,1.666667,0.000000,-1.639344,-1.639344,1.583333,2.541667,2.972222,3.750000,3.833333,3.361111,-1.000000,12000.000000
-0.411523,0.000000,-0.823045,1.250000,1.250000,0.164609,0.987654,1.536351,2.139918,2.518518,2.043896,1.000000,12150.000000
-3.600000,0.800000,-3.600000,2.880658,2.880658,-2.160000,-1.920000,-1.280000,-0.900000,-0.416000,-0.706667,1.000000,12500.000000
-4.905660,0.000000,-5.283019,6.000000,6.000000,-6.264151,-6.867925,-6.415094,-6.320755,-5.781132,-6.012578,1.000000,13250.000000
2.745098,3.137255,-0.392157,-3.773585,-3.773585,-1.725490,-2.823529,-2.562092,-2.588235,-1.992157,-2.143791,-1.000000,12750.000000
-0.778210,0.000000,-2.723735,0.784314,0.784314,-1.167315,-3.151751,-3.216602,-3.171206,-2.723735,-2.723735,1.000000,12850.000000
-3.396226,1.509434,-3.773585,3.112840,3.112840,-2.490566,-5.320755,-5.761006,-5.792453,-5.569811,-5.408805,1.000000,13250.000000
1.158301,1.930502,-0.386100,-2.264151,-2.264151,0.463320,-2.548263,-3.397683,-3.416988,-3.382239,-3.153153,-1.000000,12950.000000
0.000000,1.544402,0.000000,0.000000,0.000000,0.000000,-2.046332,-3.140283,-3.185328,-3.320463,-2.998713,0.000000,12950.000000
0.775194,1.550388,-0.775194,-0.386100,-0.386100,0.620155,-1.124031,-2.428941,-2.616279,-2.852713,-2.506460,0.000000,12900.000000
2.777778,3.174603,0.000000,-2.325581,-2.325581,2.619048,1.706349,0.052910,-0.317460,-0.476190,-0.224868,-1.000000,12600.000000
-1.176471,0.784314,-1.960784,1.190476,1.190476,0.627451,0.980392,-0.862745,-1.392157,-1.552941,-1.450980,1.000000,12750.000000
-1.923077,0.000000,-2.307692,1.960784,1.960784,-1.230769,-0.576923,-2.358974,-3.134615,-3.276923,-3.333333,1.000000,13000.000000
-1.923077,0.000000,-2.307692,0.000000,0.000000,-1.153846,-0.769231,-2.000000,-2.923077,-3.076923,-3.269231,0.000000,13000.000000
1.544402,1.930502,-1.158301,-0.384615,-0.384615,-0.694981,-0.231660,-1.235521,-2.277992,-2.532819,-2.805663,0.000000,12950.000000
1.209677,2.016129,-1.209677,-4.247104,-4.247104,3.387097,3.830645,3.360215,2.096774,1.709677,1.505376,-1.000000,12400.000000
-0.401606,0.803213,-1.204819,0.403226,0.403226,2.489960,2.771084,3.105756,1.767068,1.285141,1.097724,0.000000,12450.000000
-0.401606,0.803213,-1.204819,0.000000,0.000000,1.606426,2.369478,3.078983,1.867470,1.236948,1.097724,0.000000,12450.000000
-0.401606,0.803213,-1.204819,0.000000,0.000000,0.722892,1.967871,2.650602,1.927711,1.236948,1.124498,0.000000,12450.000000
0.809717,1.214575,-1.214575,-0.803213,-0.803213,0.566802,2.348178,3.265857,2.813765,2.089069,1.929825,-1.000000,12350.000000
-2.000000,0.800000,-2.400000,1.214575,1.214575,-0.480000,1.040000,1.840000,1.780000,0.928000,0.666667,1.000000,12500.000000
0.000000,1.200000,-1.600000,0.000000,0.000000,-0.400000,0.840000,1.440000,1.920000,1.008000,0.666667,0.000000,12500.000000
0.800000,0.800000,-0.400000,0.000000,0.000000,-0.320000,0.440000,1.200000,1.920000,1.104000,0.640000,0.000000,12500.000000
0.400000,0.800000,-0.400000,0.000000,0.000000,-0.240000,0.040000,0.960000,1.620000,1.168000,0.653333,0.000000,12500.000000
1.626016,2.032520,-2.032520,-1.600000,-1.600000,1.300813,1.138211,2.276423,3.089431,2.845528,2.303523,-1.000000,12300.000000
0.819672,1.229508,-1.229508,-0.813008,-0.813008,1.639344,1.803279,2.896175,3.668033,3.754098,3.114754,-1.000000,12200.000000
-2.390438,0.398406,-2.788845,2.868852,2.868852,-1.115538,-0.956175,-0.079681,0.498008,0.988048,0.318725,1.000000,12550.000000
0.000000,0.398406,-0.796813,0.000000,0.000000,-1.035857,-0.876494,-0.318725,0.338645,1.003984,0.411687,0.000000,12550.000000
0.806452,2.016129,-0.403226,-1.195219,-1.195219,0.000000,0.282258,0.564516,1.330645,1.951613,1.653226,-1.000000,12400.000000
0.414938,2.489627,-0.414938,-2.822581,-2.822581,2.489627,2.946058,2.987552,3.921162,4.680498,4.564315,-1.000000,12050.000000
-2.811245,0.401606,-3.212852,3.319502,3.319502,-0.401606,-0.401606,-0.294511,0.522088,1.188755,1.325301,1.000000,12450.000000
2.040816,2.857143,-1.632653,-1.606426,-1.606426,0.734694,1.020408,1.224490,1.959184,2.514286,3.006803,-1.000000,12250.000000
-0.404858,0.404858,-1.214575,0.816327,0.816327,-0.404858,0.080972,0.350877,0.870445,1.489879,2.132254,1.000000,12350.000000
0.000000,0.404858,-1.214575,0.000000,0.000000,-0.485830,-0.040486,0.296896,0.607287,1.295547,1.889339,0.000000,12350.000000
0.816327,0.816327,-0.408163,-0.809717,-0.809717,0.653061,0.734694,1.061224,1.142857,1.910204,2.585034,-1.000000,12250.000000
1.234568,1.234568,-0.823045,-0.816327,-0.816327,0.987654,1.522634,1.700960,1.872428,2.600823,3.237311,-1.000000,12150.000000
1.244813,1.244813,-0.414938,-0.823045,-0.823045,1.493776,1.950207,2.295989,2.551867,3.219917,3.762102,-1.000000,12050.000000
1.709402,2.136752,-0.427350,-2.904564,-2.904564,3.418803,4.273504,4.900285,5.299145,5.863248,6.509972,-1.000000,11700.000000
3.083700,4.405286,-0.440529,-2.991453,-2.991453,4.845815,6.563877,7.459618,8.061674,8.546255,9.324523,-1.000000,11350.000000
-2.164502,0.000000,-5.194805,1.762115,1.762115,1.818182,4.285714,5.165945,5.844156,6.181818,7.041847,1.000000,11550.000000
-1.709402,0.427350,-1.709402,1.298701,1.298701,-0.256410,2.307692,3.532763,4.145299,4.581197,5.413105,1.000000,11700.000000
0.854701,1.282051,-1.282051,0.000000,0.000000,-0.854701,1.837607,3.048433,3.803419,4.324786,5.113960,0.000000,11700.000000
0.851064,1.276596,-1.276596,0.427350,0.427350,-1.191489,0.893617,2.156028,3.042553,3.642553,4.312057,0.000000,11750.000000
-0.843882,0.421941,-2.109705,0.851064,0.851064,-1.181435,-0.379747,0.984529,1.898734,2.565401,3.108298,1.000000,11850.000000
0.423729,0.423729,-1.694915,-0.421941,-0.421941,-0.338983,-0.338983,1.271186,2.118644,2.813559,3.220339,0.000000,11800.000000
0.000000,0.847458,-0.847458,0.000000,0.000000,-0.169492,-0.635593,0.903955,1.949153,2.576271,3.050848,0.000000,11800.000000
-0.421941,0.421941,-1.687764,0.423729,0.423729,-0.337553,-1.223629,0.253165,1.223629,1.924051,2.447257,0.000000,11850.000000
-0.421941,0.421941,-1.687764,0.000000,0.000000,-0.168776,-1.097046,-0.028129,0.928270,1.704641,2.278481,0.000000,11850.000000
-0.421941,0.421941,-1.687764,0.000000,0.000000,-0.168776,-0.675106,-0.309423,0.696203,1.485232,2.109705,0.000000,11850.000000
0.423729,0.847458,-0.847458,-0.421941,-0.421941,0.254237,-0.042373,-0.141243,1.016949,1.745763,2.387006,0.000000,11800.000000
-0.847458,0.423729,-1.271186,0.000000,0.000000,0.254237,0.042373,-0.338983,0.741525,1.610170,2.189265,0.000000,11800.000000
0.000000,0.000000,-1.687764,0.423729,0.423729,-0.168776,-0.253165,-0.872011,0.147679,0.945148,1.575246,0.000000,11850.000000
0.421941,2.531646,-0.843882,0.000000,0.000000,-0.168776,-0.168776,-0.787623,-0.063291,0.708861,1.392405,0.000000,11850.000000
0.847458,1.271186,-1.271186,-0.421941,-0.421941,0.169492,0.211864,-0.112994,0.127119,0.932203,1.624294,0.000000,11800.000000
0.000000,0.851064,-0.425532,-0.423729,-0.423729,0.510638,0.595745,0.425532,0.340426,1.259574,1.900709,0.000000,11750.000000
0.000000,0.427350,-0.854701,-0.425532,-0.425532,0.769231,0.940171,0.854701,0.576923,1.435897,2.193732,0.000000,11700.000000
2.620087,4.366812,-0.436681,-2.136752,-2.136752,2.270742,2.794760,2.911208,2.510917,3.371179,4.104804,-1.000000,11450.000000
0.862069,0.862069,-1.293103,1.310044,1.310044,0.517241,1.250000,1.494253,1.142241,1.775862,2.485632,1.000000,11600.000000
0.000000,1.315789,-1.315789,-1.724138,-1.724138,1.578947,2.631579,3.011696,2.938596,3.228070,3.991228,-1.000000,11400.000000
0.000000,1.315789,-1.315789,0.000000,0.000000,0.964912,2.280702,2.777778,2.872807,2.929825,3.801170,0.000000,11400.000000
0.436681,0.873362,-0.873362,0.438596,0.438596,0.087336,1.528384,2.125182,2.314410,2.235808,3.056769,0.000000,11450.000000
0.000000,0.436681,-1.310044,0.000000,0.000000,0.087336,1.179039,1.892285,2.205240,2.026201,2.823872,0.000000,11450.000000
0.881057,0.881057,-0.440529,-0.873362,-0.873362,0.528634,1.629956,2.496329,2.929515,2.801762,3.436123,-1.000000,11350.000000
0.000000,0.440529,-1.321586,0.000000,0.000000,0.440529,1.233480,2.202643,2.709251,2.801762,3.142438,0.000000,11350.000000
0.442478,1.327434,-0.442478,-0.440529,-0.440529,0.707965,1.283186,2.359882,2.942478,3.168142,3.318584,0.000000,11300.000000
1.345291,2.690583,-1.793722,-1.327434,-1.327434,1.524664,2.152466,3.348281,4.035874,4.358745,4.409566,-1.000000,11150.000000
0.000000,0.896861,-0.896861,0.000000,0.000000,0.986547,1.883408,2.929746,3.721973,4.161435,4.140508,0.000000,11150.000000
0.000000,2.690583,-0.448430,0.000000,0.000000,0.627803,1.479821,2.511211,3.408072,3.946188,3.976084,0.000000,11150.000000
-0.881057,0.440529,-2.202643,1.793722,1.793722,-1.145374,-0.352423,0.440529,1.365639,1.938326,2.143906,1.000000,11350.000000
-0.438596,0.877193,-1.315789,0.440529,0.440529,-1.403509,-0.789474,-0.204678,0.745614,1.350877,1.652047,0.000000,11400.000000
-2.564103,0.427350,-2.564103,2.631579,2.631579,-2.991453,-3.119658,-2.763533,-1.880342,-1.282051,-0.954416,1.000000,11700.000000
0.000000,0.854701,-0.854701,0.000000,0.000000,-2.051282,-2.905983,-2.621083,-1.944444,-1.333333,-0.954416,0.000000,11700.000000
0.427350,0.854701,-0.854701,0.000000,0.000000,-1.111111,-2.606838,-2.564103,-2.008547,-1.384615,-0.968661,0.000000,11700.000000
-0.854701,0.000000,-1.282051,0.000000,0.000000,-0.512821,-2.307692,-2.393162,-2.051282,-1.435897,-1.011396,0.000000,11700.000000
1.709402,1.709402,-0.854701,0.000000,0.000000,0.000000,-1.965812,-2.222222,-2.072649,-1.470086,-1.039886,0.000000,11700.000000
-0.851064,0.851064,-0.851064,0.427350,0.427350,-0.340426,-1.872340,-2.468085,-2.468085,-1.906383,-1.475177,0.000000,11750.000000
0.427350,0.854701,-0.854701,-0.425532,-0.425532,0.085470,-0.982906,-1.908832,-1.944444,-1.538462,-1.096866,0.000000,11700.000000
-0.425532,1.276596,-0.425532,0.427350,0.427350,-0.255319,-0.893617,-2.099291,-2.297872,-1.991489,-1.546099,0.000000,11750.000000
-0.833333,0.833333,-0.833333,2.127660,2.127660,-1.833333,-2.416667,-3.777778,-4.083333,-3.966667,-3.555556,1.000000,12000.000000
0.000000,0.829876,-0.829876,0.416667,0.416667,-1.659751,-2.282158,-3.762102,-4.211618,-4.265560,-3.886584,0.000000,12050.000000
0.000000,1.244813,-0.829876,0.000000,0.000000,-1.161826,-1.991701,-3.264177,-3.962656,-4.149378,-3.817427,0.000000,12050.000000
-0.819672,0.819672,-1.639344,1.244813,1.244813,-1.557377,-2.786885,-3.879781,-4.836066,-5.081967,-4.904372,1.000000,12200.000000
0.819672,1.229508,-0.819672,0.000000,0.000000,-0.819672,-2.377049,-3.306011,-4.487705,-4.885246,-4.808743,0.000000,12200.000000
0.826446,1.239669,-0.413223,-0.819672,-0.819672,0.165289,-1.239669,-2.093664,-3.388430,-3.867769,-3.939394,-1.000000,12100.000000
-2.024292,0.000000,-2.024292,2.066116,2.066116,-1.376518,-2.712551,-3.562753,-4.919028,-5.506073,-5.721997,1.000000,12350.000000
0.406504,1.219512,-0.813008,-0.404858,-0.404858,-0.569106,-1.869919,-2.845528,-4.065041,-4.845529,-5.176152,0.000000,12300.000000
-0.400000,0.400000,-1.200000,1.626016,1.626016,-1.680000,-2.800000,-3.973333,-5.060000,-6.032000,-6.413333,1.000000,12500.000000
-1.960784,7.450980,-3.137255,2.000000,2.000000,-2.745098,-3.921569,-5.307189,-6.294117,-7.435294,-7.947712,1.000000,12750.000000
1.562500,2.734375,-0.781250,0.392157,0.392157,-2.031250,-3.671875,-5.104167,-6.093750,-7.343750,-7.942708,0.000000,12800.000000
-0.766284,0.766284,-2.298851,1.953125,1.953125,-2.835249,-4.750958,-6.232440,-7.260536,-8.582376,-9.284802,1.000000,13050.000000
1.158301,1.544402,-0.386100,-0.766284,-0.766284,-1.081081,-3.320463,-4.890605,-6.061776,-7.320463,-8.198198,-1.000000,12950.000000
-0.766284,1.532567,-1.532567,0.772201,0.772201,-0.996169,-3.409962,-4.929757,-6.264368,-7.448276,-8.492976,1.000000,13050.000000
0.000000,0.763359,-0.381679,0.383142,0.383142,-0.839695,-3.091603,-4.605598,-6.087786,-7.206107,-8.396947,0.000000,13100.000000
-0.377358,1.132075,-1.509434,1.145038,1.145038,-1.283019,-3.320755,-5.056604,-6.566038,-7.683019,-8.955975,1.000000,13250.000000
-1.115242,0.743494,-1.486989,1.509434,1.509434,-2.156134,-3.940521,-5.774473,-7.304833,-8.446096,-9.776952,1.000000,13450.000000
-2.527076,0.361011,-2.888087,2.973978,2.973978,-3.682311,-5.595668,-7.629362,-9.223826,-10.469314,-11.732852,1.000000,13850.000000
0.727273,1.090909,-1.818182,-0.722022,-0.722022,-1.963636,-4.000000,-6.206060,-7.818182,-9.221818,-10.460606,-1.000000,13750.000000
1.845019,1.845019,-0.369004,-1.454545,-1.454545,0.147601,-1.992620,-4.157442,-5.793358,-7.335793,-8.548586,-1.000000,13550.000000
0.373134,1.492537,-1.492537,-1.107011,-1.107011,1.492537,-0.447761,-2.437811,-4.216418,-5.791045,-7.014925,-1.000000,13400.000000
-0.738007,0.000000,-1.107011,1.119403,1.119403,0.516605,-1.180812,-2.927429,-4.723247,-6.287823,-7.515375,1.000000,13550.000000
0.740741,1.111111,-0.370370,-0.369004,-0.369004,0.370370,-0.407407,-1.975309,-3.833333,-5.422222,-6.728395,0.000000,13500.000000
3.041825,3.422053,0.000000,-2.592592,-2.592592,2.129277,2.319392,0.963245,-0.912548,-2.463878,-3.878327,-1.000000,13150.000000
0.000000,0.760456,-2.281369,0.000000,0.000000,1.520913,2.357414,1.166033,-0.551331,-2.038023,-3.510773,0.000000,13150.000000
1.145038,1.526718,-0.763359,-0.380228,-0.380228,1.450382,2.633588,1.704835,0.209924,-1.328244,-2.786260,0.000000,13100.000000
0.000000,1.526718,-1.526718,0.000000,0.000000,0.763359,2.366412,1.730280,0.496183,-1.007634,-2.430025,0.000000,13100.000000
0.383142,1.149425,-1.532567,-0.381679,-0.381679,0.459770,2.145594,2.171137,1.168582,-0.321839,-1.724138,0.000000,13050.000000
0.383142,1.149425,-1.532567,0.000000,0.000000,0.306513,1.609195,2.171137,1.379310,-0.061303,-1.379310,0.000000,13050.000000
-3.333333,0.740741,-3.333333,3.448276,3.448276,-2.518518,-1.814815,-1.037037,-1.722222,-3.007407,-4.234568,1.000000,13500.000000
-0.729927,0.729927,-1.094890,1.481481,1.481481,-3.065693,-3.029197,-2.262774,-2.828467,-3.956204,-5.218978,1.000000,13700.000000
-0.716846,0.716846,-1.792115,1.824818,1.824818,-3.584229,-4.480287,-3.775388,-4.247312,-5.218638,-6.463560,1.000000,13950.000000
-1.075269,0.000000,-2.508960,0.000000,0.000000,-2.293907,-4.157706,-3.727599,-3.888889,-4.745520,-6.009558,0.000000,13950.000000
-0.355872,1.423488,-3.558719,0.716846,0.716846,-1.565836,-4.199288,-4.270463,-4.217082,-4.982206,-6.239620,1.000000,14050.000000
-0.363636,2.181818,-1.090909,-2.135231,-2.135231,0.945455,-1.672727,-2.084848,-1.890909,-2.618182,-3.818182,-1.000000,13750.000000
1.449275,2.536232,-0.362319,0.363636,0.363636,0.724638,-1.521739,-2.246377,-2.047101,-2.681159,-3.756039,0.000000,13800.000000
1.831502,1.831502,-0.366300,-1.086957,-1.086957,1.391941,-0.036630,-1.123321,-0.897436,-1.435897,-2.380952,-1.000000,13650.000000
0.000000,1.158301,-3.088803,-5.128205,-5.128205,5.328186,5.289575,3.938224,4.111969,3.891892,3.063063,-1.000000,12950.000000
0.000000,1.158301,-3.088803,0.000000,0.000000,3.629344,5.212355,3.835264,3.803089,3.861004,3.178893,0.000000,12950.000000
1.171875,1.171875,-0.390625,-1.158301,-1.158301,3.359375,5.898438,4.869792,4.726562,4.984375,4.401042,-1.000000,12800.000000
1.581028,1.976285,-0.395257,-1.171875,-1.171875,2.766798,6.324111,5.876153,5.671937,6.039526,5.599473,-1.000000,12650.000000
0.000000,0.784314,-0.784314,0.790514,0.790514,0.549020,4.549020,4.862745,4.529412,4.988235,4.692811,1.000000,12750.000000
-0.778210,0.389105,-1.167315,0.784314,0.784314,-0.389105,2.879377,3.942931,3.463035,3.859922,3.852140,1.000000,12850.000000
-0.384615,0.384615,-1.153846,1.167315,1.167315,-1.461538,0.884615,2.717949,2.211539,2.430769,2.641026,1.000000,13000.000000
-0.383142,0.766284,-0.766284,0.384615,0.384615,-1.455939,-0.038314,2.094508,1.781609,1.885057,2.234994,0.000000,13050.000000
0.000000,1.149425,-0.383142,0.000000,0.000000,-0.842912,-0.613027,1.762452,1.762452,1.777778,2.183908,0.000000,13050.000000
-0.380228,0.000000,-1.140684,0.766284,0.766284,-0.988593,-1.749049,0.583016,1.007605,0.882129,1.330799,1.000000,13150.000000
-0.380228,0.380228,-0.760456,0.000000,0.000000,-0.532319,-1.596958,0.177440,1.045627,0.775665,1.153359,0.000000,13150.000000
-0.754717,0.000000,-1.509434,0.760456,0.760456,-0.905660,-2.113208,-0.981132,0.358491,0.045283,0.264151,1.000000,13250.000000
0.377358,1.132075,-0.377358,0.000000,0.000000,-0.603774,-1.773585,-1.232704,0.264151,0.075472,0.188679,0.000000,13250.000000
-0.375940,0.375940,-1.127820,0.377358,0.377358,-0.601504,-1.654135,-1.854637,-0.263158,-0.240602,-0.213033,0.000000,13300.000000
-0.743494,0.371747,-1.115242,1.127820,1.127820,-1.263941,-2.230483,-3.048327,-1.561338,-1.249071,-1.350682,1.000000,13450.000000
0.373134,1.119403,-0.746269,-0.371747,-0.371747,-0.522388,-1.455224,-2.462687,-1.399254,-0.776119,-1.007463,0.000000,13400.000000
1.132075,1.509434,-0.377358,-1.119403,-1.119403,0.603774,-0.150943,-1.207547,-0.584906,0.407547,0.138365,-1.000000,13250.000000
0.380228,1.520913,0.000000,-0.754717,-0.754717,1.216730,0.684411,-0.278834,-0.057034,1.064639,0.899873,-1.000000,13150.000000
0.000000,0.378788,-1.893939,0.380228,0.380228,0.681818,0.416667,-0.378788,-0.662879,0.530303,0.542929,0.000000,13200.000000
-1.132075,0.000000,-1.509434,0.378788,0.378788,0.000000,0.113208,-0.503145,-1.188679,-0.060377,0.201258,0.000000,13250.000000
1.532567,1.915709,0.000000,-1.509434,-1.509434,0.996169,1.570881,1.123883,0.363985,1.195402,1.736909,-1.000000,13050.000000
0.766284,0.766284,-0.383142,0.000000,0.000000,0.689655,1.417624,1.149425,0.402299,0.888889,1.736909,0.000000,13050.000000
-0.383142,0.383142,-0.766284,0.000000,0.000000,0.536398,1.264368,1.149425,0.498084,0.674330,1.621967,0.000000,13050.000000
0.386100,1.158301,-0.386100,-0.766284,-0.766284,0.926641,1.776062,1.879022,1.389961,1.189189,2.213642,-1.000000,12950.000000
0.000000,1.937984,-1.550388,-0.386100,-0.386100,0.775194,1.744186,2.144703,1.841085,1.348837,2.338501,0.000000,12900.000000
-1.145038,0.381679,-1.526718,1.550388,1.550388,-0.687023,-0.038168,0.559796,0.381679,-0.152672,0.559796,1.000000,13100.000000
-3.985507,3.623188,-4.347826,5.343512,5.343512,-4.637681,-4.710145,-4.275362,-4.420290,-4.971014,-4.601449,1.000000,13800.000000
1.831502,2.197802,-0.732601,-1.086957,-1.086957,-2.710623,-3.296703,-3.028083,-3.150183,-3.677656,-3.577533,-1.000000,13650.000000
0.000000,2.181818,0.000000,0.732601,0.732601,-2.254545,-3.600000,-3.515152,-3.600000,-4.058182,-4.290909,1.000000,13750.000000
-2.464789,0.352113,-3.169014,3.272727,3.272727,-3.521127,-5.985916,-6.220657,-6.285211,-6.690141,-7.194836,1.000000,14200.000000
0.000000,0.350877,-1.754386,0.352113,0.352113,-2.245614,-5.473684,-6.152047,-6.228070,-6.624561,-7.216374,0.000000,14250.000000
1.423488,1.779359,-0.355872,-1.403509,-1.403509,-0.498221,-3.416370,-4.436536,-4.608541,-4.996441,-5.634638,-1.000000,14050.000000
-2.768166,0.346021,-2.768166,2.846975,2.846975,-2.145329,-5.121107,-6.482122,-6.833910,-7.238754,-7.866205,1.000000,14450.000000
-0.687285,1.030928,-1.718213,0.692042,0.692042,-1.718213,-4.673540,-6.506300,-7.044673,-7.463918,-8.064147,1.000000,14550.000000
3.180212,3.533569,-0.706714,-2.749141,-2.749141,0.989399,-1.095406,-3.439340,-4.169611,-4.565371,-5.135454,-1.000000,14150.000000
1.413428,1.413428,-0.353357,0.000000,0.000000,0.848057,-0.353357,-2.921084,-3.904594,-4.282685,-4.829211,0.000000,14150.000000
0.354610,0.709220,-1.063830,-0.353357,-0.353357,1.276596,0.212766,-2.080378,-3.262411,-3.702128,-4.231678,0.000000,14100.000000
1.811594,2.173913,-1.449275,-2.127660,-2.127660,2.536232,2.500000,0.410628,-0.923913,-1.449275,-1.968599,-1.000000,13800.000000
1.492537,2.238806,-1.492537,-2.898551,-2.898551,3.880597,5.298508,3.631841,2.108209,1.522388,1.044776,-1.000000,13400.000000
-1.102941,0.735294,-1.102941,1.492537,1.492537,1.544118,3.308824,2.450980,0.735294,0.073529,-0.330882,1.000000,13600.000000
-0.727273,0.727273,-1.818182,1.102941,1.102941,-0.145455,1.818182,1.648485,-0.109091,-0.916364,-1.272727,1.000000,13750.000000
-0.724638,0.362319,-1.811594,0.363636,0.363636,-0.942029,1.268116,1.280193,-0.199275,-1.115942,-1.497585,0.000000,13800.000000
-0.363636,0.727273,-0.727273,-0.362319,-0.362319,-0.654545,1.127273,1.696970,0.418182,-0.581818,-1.018182,0.000000,13750.000000
0.738007,1.476015,-0.369004,-1.454545,-1.454545,1.033210,1.881919,3.099631,2.121771,0.988930,0.504305,-1.000000,13550.000000
0.746269,0.746269,-1.119403,-1.107011,-1.107011,1.865672,2.462687,3.855721,3.451493,2.164179,1.616915,-1.000000,13400.000000
0.378788,1.136364,-1.136364,-1.492537,-1.492537,2.575758,3.295455,4.898990,5.056818,3.757576,3.106061,-1.000000,13200.000000
1.538462,2.692308,-0.384615,-1.515152,-1.515152,2.923077,4.038462,5.974359,6.365385,5.338461,4.628205,-1.000000,13000.000000
0.769231,1.153846,-0.384615,0.000000,0.000000,1.769231,3.423077,5.230769,6.115385,5.323077,4.589744,0.000000,13000.000000
-0.763359,0.000000,-1.526718,0.769231,0.769231,0.305344,2.404580,3.689567,5.057252,4.564886,3.765903,1.000000,13100.000000
1.550388,2.713178,0.000000,-1.526718,-1.526718,1.085271,3.449612,4.651163,6.182170,6.186047,5.284238,-1.000000,12900.000000
-1.149425,0.383142,-1.149425,1.162791,1.162791,-0.306513,1.724138,2.886335,4.501916,4.950191,4.074074,1.000000,13050.000000
0.386100,1.930502,-0.386100,-0.766284,-0.766284,0.386100,1.853282,3.088803,4.884170,5.498069,4.851995,-1.000000,12950.000000
-0.384615,0.769231,-0.769231,0.386100,0.386100,0.000000,0.884615,2.282051,3.923077,4.892308,4.435897,0.000000,13000.000000
0.775194,1.550388,-0.387597,-0.769231,-0.769231,0.465116,1.162791,2.816537,4.089147,5.441861,5.232558,-1.000000,12900.000000
0.000000,0.775194,-0.775194,0.000000,0.000000,0.465116,0.775194,2.454780,3.604651,5.038760,5.232558,0.000000,12900.000000
0.390625,1.562500,-1.171875,-0.775194,-0.775194,0.859375,1.250000,2.760417,3.886719,5.406250,5.976562,-1.000000,12800.000000
-0.781250,0.390625,-1.171875,0.000000,0.000000,0.625000,1.093750,2.239583,3.378906,5.015625,5.716146,0.000000,12800.000000
0.392157,1.176471,-0.784314,-0.390625,-0.390625,0.627451,1.294118,2.117647,3.372549,4.894118,5.895425,0.000000,12750.000000
-0.772201,0.000000,-1.930502,1.568627,1.568627,-0.849421,-0.386100,0.231660,1.602317,2.779923,4.054054,1.000000,12950.000000
0.387597,0.387597,-0.775194,-0.386100,-0.386100,-0.465116,0.000000,0.361757,1.724806,2.790698,4.121447,0.000000,12900.000000
0.781250,0.781250,-0.390625,-0.775194,-0.775194,0.312500,0.585938,0.937500,2.148438,3.171875,4.557292,-1.000000,12800.000000
-1.158301,0.772201,-1.544402,1.171875,1.171875,-0.617761,-0.579151,-0.257400,0.637066,1.621622,3.063063,1.000000,12950.000000
0.000000,1.167315,-0.389105,-0.772201,-0.772201,0.311284,0.077821,0.440986,1.070039,2.116731,3.450065,-1.000000,12850.000000
0.390625,0.781250,-1.953125,-0.389105,-0.389105,0.468750,0.390625,0.677083,1.171875,2.328125,3.398438,0.000000,12800.000000
0.390625,0.781250,-1.953125,0.000000,0.000000,0.312500,0.312500,0.625000,0.937500,2.078125,3.046875,0.000000,12800.000000
0.787402,0.787402,-3.149606,-0.781250,-0.781250,0.944882,1.023622,1.233596,1.535433,2.551181,3.477690,-1.000000,12700.000000
-0.400000,0.800000,-1.600000,-1.574803,-1.574803,1.840000,2.400000,2.613333,2.960000,3.776000,4.706666,-1.000000,12500.000000
2.916667,7.083333,-0.416667,-4.000000,-4.000000,4.666667,6.041667,6.333333,6.833333,7.516667,8.569445,-1.000000,12000.000000
2.564103,4.273504,-0.427350,-2.500000,-2.500000,5.470086,7.692307,8.376068,8.974359,9.641026,10.868946,-1.000000,11700.000000
-1.687764,2.109705,-1.687764,1.282051,1.282051,2.531646,5.443038,6.413502,7.151899,7.729958,8.973277,1.000000,11850.000000
-2.057613,0.823045,-2.057613,2.531646,2.531646,-0.905350,2.304527,3.429355,4.135802,4.724280,5.843621,1.000000,12150.000000
0.816327,0.816327,-1.632653,0.823045,0.823045,-2.122449,0.897959,2.285714,3.000000,3.624490,4.557823,1.000000,12250.000000
0.000000,1.229508,-0.819672,-0.408163,-0.408163,-1.393443,0.778689,2.404372,3.094262,3.786885,4.562841,0.000000,12200.000000
-4.347826,1.581028,-4.743083,3.688524,3.688524,-3.399209,-2.924901,-1.396574,-0.671937,-0.047431,0.606061,1.000000,12650.000000
-0.389105,0.778210,-1.556420,1.581028,1.581028,-3.346303,-4.396887,-2.957198,-2.237354,-1.618677,-1.102464,1.000000,12850.000000
0.000000,0.000000,-1.556420,0.000000,0.000000,-2.256809,-4.280156,-2.931258,-2.217899,-1.680934,-1.193256,0.000000,12850.000000
-0.389105,0.389105,-1.556420,0.000000,0.000000,-1.322957,-4.007782,-2.983139,-2.198444,-1.712062,-1.232166,0.000000,12850.000000
0.390625,0.781250,-0.781250,-0.389105,-0.389105,0.000000,-3.007812,-2.630208,-1.796875,-1.390625,-0.898438,0.000000,12800.000000
-2.290076,0.763359,-2.671756,2.343750,2.343750,-1.603053,-4.160306,-4.707379,-3.988550,-3.587786,-3.167939,1.000000,13100.000000
1.908397,3.053435,-0.381679,0.000000,0.000000,-1.221374,-3.206107,-4.554708,-3.912214,-3.526718,-3.117048,0.000000,13100.000000
-4.744525,1.459854,-6.204380,4.580153,4.580153,-4.306570,-6.313869,-8.248176,-7.791971,-7.489051,-7.201946,1.000000,13700.000000
0.366300,2.930403,-1.465201,-0.364964,-0.364964,-2.783883,-4.945055,-7.350427,-7.197802,-6.901099,-6.691087,0.000000,13650.000000
-4.626335,3.202847,-4.982206,2.930403,2.930403,-3.772242,-6.334519,-9.015421,-9.412811,-9.181495,-9.098458,1.000000,14050.000000
-3.300330,7.590759,-3.630363,7.829182,7.829182,-8.052805,-11.485148,-14.103411,-15.214521,-15.194719,-15.203521,1.000000,15150.000000
-4.268293,6.402439,-6.097561,8.250825,8.250825,-11.036586,-16.067074,-18.800814,-20.579268,-20.804878,-20.955284,1.000000,16400.000000
2.857143,4.126984,-0.952381,-3.963415,-3.963415,-4.761905,-10.761905,-13.925926,-16.333334,-16.787302,-17.068783,-1.000000,15750.000000
2.588997,4.530745,-0.323625,-1.904762,-1.904762,-0.582524,-7.346278,-10.873786,-13.754045,-14.524272,-14.886731,-1.000000,15450.000000
-1.290323,1.290323,-2.903226,0.323625,0.323625,0.967742,-5.903226,-9.741936,-12.903226,-14.116129,-14.569893,0.000000,15500.000000
1.689189,3.040540,-1.013514,-4.516129,-4.516129,5.270270,-0.304054,-4.504505,-7.736486,-9.513514,-10.112613,-1.000000,14800.000000
1.689189,3.040540,-1.013514,0.000000,0.000000,3.108108,0.844595,-3.626126,-6.739865,-8.972973,-9.684685,0.000000,14800.000000
1.689189,3.040540,-1.013514,0.000000,0.000000,1.824324,1.587838,-2.747748,-5.844594,-8.405405,-9.234234,0.000000,14800.000000
1.689189,3.040540,-1.013514,0.000000,0.000000,0.945946,2.364865,-1.869369,-4.983108,-7.783784,-8.817568,0.000000,14800.000000
2.097902,2.797203,-0.699301,-3.378378,-3.378378,2.797203,6.118881,2.261072,-0.926573,-3.916084,-5.291375,-1.000000,14300.000000
-1.384083,2.768166,-1.384083,1.048951,1.048951,1.245675,4.532872,1.822376,-1.332180,-4.152249,-5.893887,1.000000,14450.000000
-1.369863,2.054795,-3.767123,1.038062,1.038062,-0.068493,2.226027,1.461187,-1.746575,-4.383562,-6.449772,1.000000,14600.000000
1.388889,2.777778,-1.736111,-1.369863,-1.369863,0.763889,2.708333,3.194444,0.156250,-2.430556,-4.756945,-1.000000,14400.000000
-3.436426,1.030928,-3.780069,1.041667,1.041667,-0.618557,1.030928,2.542955,-0.292096,-2.804124,-5.269186,1.000000,14550.000000
2.797203,3.496504,0.000000,-1.718213,-1.718213,1.118881,1.958042,4.452214,1.975524,-0.517483,-3.076923,-1.000000,14300.000000
4.779412,5.147059,-0.367647,-4.895105,-4.895105,5.073529,6.323529,9.068627,7.408088,4.882353,2.377451,-1.000000,13600.000000
4.779412,5.147059,-0.367647,0.000000,0.000000,3.602941,5.441176,7.696078,7.591912,5.102941,2.806373,0.000000,13600.000000
0.751880,3.007519,-1.503759,-2.205882,-2.205882,4.285714,6.691730,8.897243,9.868421,7.609023,5.413534,-1.000000,13300.000000
3.112840,5.836576,-0.778210,-3.383459,-3.383459,5.291829,8.910506,11.361868,13.404669,11.377432,9.260700,-1.000000,12850.000000
-0.763359,1.145038,-4.580153,1.945525,1.945525,1.450382,5.916030,8.015267,10.877863,9.343512,7.404580,1.000000,13100.000000
2.316602,4.247104,0.000000,-1.145038,-1.145038,1.621622,5.984556,8.314029,11.312741,10.563706,8.725869,-1.000000,12950.000000
2.316602,4.247104,0.000000,0.000000,0.000000,0.617761,4.710425,7.361647,9.980695,10.517375,8.751609,0.000000,12950.000000
-1.515152,1.136364,-2.272727,1.930502,1.930502,-1.439394,1.818182,4.520202,6.931818,8.272727,6.780303,1.000000,13200.000000
-1.492537,0.746269,-2.985075,1.515152,1.515152,-2.089552,-0.559702,2.263682,4.570896,6.582089,5.323383,1.000000,13400.000000
-1.792115,1.075269,-2.867383,4.104477,4.104477,-4.731183,-4.731183,-1.935484,-0.107527,2.351254,1.445639,1.000000,13950.000000
1.071429,1.071429,-1.785714,0.358423,0.358423,-3.571429,-4.785714,-2.500000,-0.750000,1.657143,1.297619,0.000000,14000.000000
3.272727,3.272727,0.000000,-1.785714,-1.785714,-0.654545,-2.945455,-1.139394,0.672727,2.734545,3.296970,-1.000000,13750.000000
0.363636,1.454545,-0.727273,0.000000,0.000000,0.145455,-2.618182,-1.454545,0.290909,2.152727,3.309091,0.000000,13750.000000
0.362319,2.898551,0.000000,0.363636,0.363636,0.362319,-2.282609,-2.173913,-0.434783,1.304348,2.971014,0.000000,13800.000000
1.845019,2.583026,-0.738007,-1.811594,-1.811594,1.623616,-0.147601,-0.738007,1.125461,2.597786,4.747848,-1.000000,13550.000000
1.119403,1.865672,-0.746269,-1.107011,-1.107011,1.865672,1.305970,0.273632,1.865672,3.328358,5.485075,-1.000000,13400.000000
-1.119403,0.746269,-2.238806,0.000000,0.000000,1.343284,1.641791,0.174129,1.417910,2.910448,4.738806,0.000000,13400.000000
-2.888087,0.000000,-2.888087,3.358209,3.358209,-1.805054,-1.191336,-2.815885,-2.075812,-0.707581,0.878460,1.000000,13850.000000
-0.361011,1.083032,-1.444043,0.000000,0.000000,-1.732852,-0.866426,-2.334537,-2.328520,-0.981949,0.493381,0.000000,13850.000000
1.459854,1.459854,-1.459854,-1.083032,-1.083032,-0.437956,0.036496,-0.973236,-1.478102,-0.072993,1.155718,-1.000000,13700.000000
2.611940,2.611940,-1.119403,-2.189781,-2.189781,1.791045,1.828358,1.467662,0.652985,1.850746,3.072139,-1.000000,13400.000000
2.272727,2.272727,-1.136364,-1.492537,-1.492537,3.030303,2.954545,3.131313,2.026515,2.969697,4.229798,-1.000000,13200.000000
-0.378788,1.136364,-0.757576,0.000000,0.000000,2.045455,2.537879,3.131313,1.988636,2.606061,3.825758,0.000000,13200.000000
0.000000,1.140684,-1.901141,-0.378788,-0.378788,1.368821,2.433460,3.396705,2.490494,2.570342,3.802281,0.000000,13150.000000
1.153846,2.307692,-1.153846,-1.140684,-1.140684,1.461538,3.192308,4.102564,3.634615,3.353846,4.666667,-1.000000,13000.000000
3.162055,3.162055,-4.347826,-2.692308,-2.692308,3.083004,5.454545,6.271410,6.383399,5.913043,7.088274,-1.000000,12650.000000
-1.556420,0.000000,-4.280156,1.581028,1.581028,0.933852,3.385214,4.150454,4.688716,4.031128,4.967575,1.000000,12850.000000
-0.387597,0.387597,-1.550388,0.389105,0.389105,0.077519,2.248062,3.307493,4.166667,3.503876,4.173127,0.000000,12900.000000
2.788845,2.788845,-0.796813,-2.713178,-2.713178,1.912351,4.063745,5.524569,6.733068,6.294821,6.547145,-1.000000,12550.000000
-0.800000,1.200000,-0.800000,-0.398406,-0.398406,1.520000,3.520000,5.386667,6.580000,6.528000,6.493333,0.000000,12500.000000
-1.190476,0.396825,-1.190476,0.800000,0.800000,0.634921,2.063492,4.126984,5.178571,5.571429,5.383598,1.000000,12600.000000
-0.392157,0.784314,-1.568627,1.190476,1.190476,-0.705882,0.509804,2.562092,3.549020,4.266667,3.921569,1.000000,12750.000000
0.790514,0.790514,-0.790514,-0.784314,-0.784314,-0.316206,0.869565,2.740448,3.932806,4.916996,4.571805,-1.000000,12650.000000
0.796813,1.195219,-0.796813,-0.790514,-0.790514,0.478088,1.195219,2.868526,4.262948,5.482072,5.325365,-1.000000,12550.000000
0.000000,0.000000,-1.593626,0.000000,0.000000,0.557769,0.836653,2.257636,3.864542,5.035857,5.179283,0.000000,12550.000000
1.612903,1.612903,-1.209677,-1.195219,-1.195219,1.451613,1.854839,2.956989,4.717742,5.790323,6.303763,-1.000000,12400.000000
0.000000,0.809717,-1.214575,-0.403226,-0.403226,1.214575,1.862348,2.914980,4.716599,5.765182,6.572200,0.000000,12350.000000
0.000000,0.404858,-0.809717,0.000000,0.000000,0.728745,1.417004,2.456140,4.109312,5.311741,6.342780,0.000000,12350.000000
-0.404858,0.809717,-0.809717,0.000000,0.000000,0.404858,1.255061,2.024292,3.502024,4.842105,6.059379,0.000000,12350.000000
2.066116,2.066116,-1.239669,-2.024292,-2.024292,1.735537,3.016529,3.636364,4.979339,6.528925,7.741047,-1.000000,12100.000000
1.687764,2.109705,-0.421941,-2.066116,-2.066116,2.953587,4.556962,5.372715,6.540084,8.253164,9.409283,-1.000000,11850.000000
0.434783,3.043478,0.000000,-2.953587,-2.953587,4.608696,6.652174,7.797101,9.043478,10.886956,12.086957,-1.000000,11500.000000
4.035874,4.484305,-0.448430,-3.043478,-3.043478,5.739910,8.654709,10.134529,11.547085,13.399103,14.828102,-1.000000,11150.000000
-3.524229,0.881057,-3.964758,1.793722,1.793722,2.114537,5.682819,7.488987,8.788547,10.519824,12.085169,1.000000,11350.000000
-3.030303,0.865801,-3.030303,1.762115,1.762115,-0.606061,2.987013,5.079365,6.277056,7.861472,9.567100,1.000000,11550.000000
-1.282051,0.427350,-1.709402,1.298701,1.298701,-2.136752,1.068376,3.219373,4.508547,5.897436,7.678063,1.000000,11700.000000
-4.545455,0.000000,-4.545455,3.418803,3.418803,-4.380165,-2.479339,-0.550964,0.743802,2.033058,3.760331,1.000000,12100.000000
0.833333,1.250000,-0.833333,-0.826446,-0.826446,-2.166667,-1.958333,-0.083333,1.208333,2.483333,4.111111,-1.000000,12000.000000
0.840336,1.680672,-0.420168,-0.833333,-0.833333,-0.420168,-1.512605,0.392157,1.785714,2.924370,4.439776,-1.000000,11900.000000
-2.469136,0.000000,-2.469136,2.100840,2.100840,-1.481481,-3.497942,-1.893004,-0.452675,0.526749,1.865569,1.000000,12150.000000
-2.032520,0.406504,-2.845528,1.234568,1.234568,-1.707317,-4.308943,-3.143631,-1.788618,-0.813008,0.325203,1.000000,12300.000000
-1.612903,0.806452,-1.612903,0.813008,0.813008,-2.016129,-4.354839,-3.897850,-2.721774,-1.758065,-0.698925,1.000000,12400.000000
-1.200000,1.600000,-2.000000,0.806452,0.806452,-2.000000,-4.040000,-4.586667,-3.560000,-2.672000,-1.680000,1.000000,12500.000000
0.000000,1.612903,-0.403226,-0.800000,-0.800000,-0.403226,-2.419355,-3.790323,-2.842742,-1.935484,-1.088710,-1.000000,12400.000000
0.000000,1.195219,-1.195219,1.209677,1.209677,-0.956175,-2.788845,-4.701195,-4.003984,-3.091634,-2.390438,1.000000,12550.000000
-2.343750,0.781250,-2.734375,1.992032,1.992032,-2.109375,-3.828125,-6.067708,-5.722656,-4.921875,-4.257812,1.000000,12800.000000
0.392157,1.568627,-1.960784,-0.390625,-0.390625,-1.176471,-2.941176,-5.045752,-5.196078,-4.549020,-3.908497,0.000000,12750.000000
-0.390625,1.562500,-1.562500,0.392157,0.392157,-1.093750,-2.695312,-4.557292,-5.390625,-4.875000,-4.309896,0.000000,12800.000000
0.784314,1.568627,-5.490196,-0.390625,-0.390625,-0.156863,-1.647059,-3.450980,-4.862745,-4.439216,-3.882353,0.000000,12750.000000
-3.041825,0.380228,-3.041825,3.137255,3.137255,-2.281369,-3.878327,-5.576679,-7.357414,-7.163498,-6.641318,1.000000,13150.000000
-1.492537,0.746269,-2.238806,1.901141,1.901141,-3.208955,-4.850746,-6.492537,-8.507463,-8.597015,-8.184079,1.000000,13400.000000
-0.740741,1.851852,-1.111111,0.746269,0.746269,-2.814815,-4.740741,-6.493827,-8.444445,-8.933333,-8.679012,1.000000,13500.000000
1.503759,1.879699,-2.255639,-1.481481,-1.481481,-0.601504,-2.706767,-4.436090,-6.259398,-7.278195,-7.142857,-1.000000,13300.000000
0.787402,3.543307,-2.755906,-4.511278,-4.511278,4.015748,2.125984,0.498688,-1.299213,-2.787402,-2.716535,-1.000000,12700.000000
0.793651,1.190476,-0.793651,-0.787402,-0.787402,3.968254,2.976191,1.534392,-0.099206,-1.857143,-1.931217,-1.000000,12600.000000
0.793651,1.190476,-0.793651,0.000000,0.000000,2.698413,2.817460,1.693122,0.257937,-1.619048,-1.878307,0.000000,12600.000000
-1.562500,0.000000,-4.296875,1.587302,1.587302,0.000000,1.250000,0.312500,-1.035156,-2.750000,-3.294271,1.000000,12800.000000
-1.153846,0.384615,-1.538462,1.562500,1.562500,-2.000000,-0.153846,-0.974359,-2.173077,-3.676923,-4.615385,1.000000,13000.000000
1.167315,1.945525,-0.389105,-1.153846,-1.153846,-0.622568,1.089494,0.415045,-0.661479,-2.085603,-3.372244,-1.000000,12850.000000
-1.923077,0.384615,-2.307692,1.167315,1.167315,-1.153846,-0.192308,-0.512821,-1.480769,-2.769231,-4.256410,1.000000,13000.000000
-0.381679,0.763359,-0.763359,0.769231,0.769231,-1.145038,-1.183206,-1.119593,-1.927481,-3.083969,-4.669211,1.000000,13100.000000
-1.872659,0.000000,-2.247191,1.908397,1.908397,-2.172285,-3.146067,-2.671660,-3.408240,-4.524344,-5.992509,1.000000,13350.000000
-4.316547,0.719424,-5.035971,4.119850,4.119850,-4.748201,-6.546762,-5.995204,-6.726619,-7.755396,-9.052758,1.000000,13900.000000
-2.112676,0.704225,-2.816901,2.158273,2.158273,-4.859155,-7.464789,-7.300469,-8.063380,-9.056338,-10.305164,1.000000,14200.000000
-0.699301,2.097902,-1.748252,0.704225,0.704225,-3.706294,-6.923077,-7.412588,-8.094405,-9.090909,-10.291375,1.000000,14300.000000
1.785714,2.857143,0.000000,-2.097902,-2.097902,-0.357143,-3.928571,-5.142857,-5.696429,-6.657143,-7.821429,-1.000000,14000.000000
2.941176,2.941176,-0.735294,-2.857143,-2.857143,2.941176,-0.514706,-2.303921,-2.610294,-3.558824,-4.742647,-1.000000,13600.000000
1.115242,2.973978,-1.858736,-1.102941,-1.102941,3.420074,0.929368,-1.140025,-1.282528,-2.200743,-3.320942,-1.000000,13450.000000
-1.845019,1.107011,-2.952029,0.743494,0.743494,1.697417,0.701107,-1.451414,-1.715867,-2.583026,-3.628536,1.000000,13550.000000
-1.838235,0.367647,-1.838235,0.369004,0.369004,0.294118,0.772059,-1.323529,-1.911765,-2.632353,-3.627451,0.000000,13600.000000
-1.098901,2.564103,-1.098901,0.367647,0.367647,-0.586081,0.805861,-1.172161,-2.179487,-2.739927,-3.650794,0.000000,13650.000000
-0.727273,0.727273,-3.636364,0.732601,0.732601,-1.090909,0.363636,-1.430303,-2.800000,-3.156364,-4.024242,1.000000,13750.000000
2.205882,2.205882,-2.573529,-1.090909,-1.090909,0.220588,1.250000,-0.049020,-1.617647,-1.852941,-2.696079,-1.000000,13600.000000
-2.508960,0.000000,-2.867383,2.573529,2.573529,-1.720430,-1.469534,-2.031063,-3.637993,-3.971326,-4.767025,1.000000,13950.000000
-0.354610,3.546099,-1.773050,1.075269,1.075269,-2.056738,-2.659575,-2.553191,-4.131206,-4.723404,-5.413712,1.000000,14100.000000
-2.413793,1.034483,-3.103448,2.836879,2.836879,-3.586207,-5.000000,-4.597701,-6.120690,-7.048276,-7.632184,1.000000,14500.000000
-2.413793,1.034483,-3.103448,0.000000,0.000000,-2.551724,-4.379310,-4.068965,-5.534483,-6.772414,-7.229885,0.000000,14500.000000
-2.413793,1.034483,-3.103448,0.000000,0.000000,-1.310345,-3.655172,-3.793103,-5.017241,-6.441380,-6.839080,0.000000,14500.000000
-2.413793,1.034483,-3.103448,0.000000,0.000000,-0.551724,-3.000000,-3.655172,-4.448276,-5.944828,-6.436781,0.000000,14500.000000
-4.870130,0.000000,-4.870130,6.206897,6.206897,-4.675324,-7.500000,-8.809524,-9.253246,-10.714286,-11.417748,1.000000,15400.000000
-1.910828,0.000000,-3.184713,1.948052,1.948052,-4.968153,-7.961783,-9.830149,-10.159236,-11.630573,-12.622081,1.000000,15700.000000
-3.669725,0.305810,-3.975535,4.140127,4.140127,-6.483181,-10.030581,-12.293578,-12.813456,-14.275229,-15.514781,1.000000,16350.000000
-1.769912,1.179941,-3.539823,3.669725,3.669725,-6.902655,-11.238938,-14.021632,-15.000000,-16.377581,-17.787611,1.000000,16950.000000
-5.753425,0.547945,-7.397260,7.669617,7.669617,-9.424658,-15.205480,-18.429224,-19.945206,-21.150684,-22.630136,1.000000,18250.000000
0.531915,15.425532,-10.106383,3.013699,3.013699,-8.457447,-15.186171,-18.971632,-21.090425,-22.223404,-23.794327,1.000000,18800.000000
-10.538642,3.747073,-10.772834,13.563829,13.563829,-14.098361,-22.107729,-26.245121,-28.793911,-29.967213,-31.530054,1.000000,21350.000000
-1.650943,0.000000,-10.377358,-0.702576,-0.702576,-8.915094,-18.396227,-23.380503,-26.497641,-27.990566,-29.724842,-1.000000,21200.000000
2.127660,2.364066,-4.491726,-0.235849,-0.235849,-4.728132,-15.059102,-20.819544,-24.503546,-26.449173,-28.274231,0.000000,21150.000000
-3.255814,4.418605,-3.255814,1.654846,1.654846,-3.255814,-13.186047,-19.767443,-23.883720,-26.288372,-28.100775,1.000000,21500.000000
0.000000,3.009259,-2.546296,0.465116,0.465116,-1.111111,-10.717592,-17.824074,-22.384260,-25.277779,-27.106482,0.000000,21600.000000
2.127660,2.600473,-4.491726,-2.083333,-2.083333,0.803783,-6.241135,-13.979511,-18.959810,-22.335697,-24.286840,-1.000000,21150.000000
-4.545455,1.590909,-5.909091,4.018912,4.018912,-2.363636,-7.295455,-15.030303,-20.215910,-23.809092,-25.901516,1.000000,22000.000000
10.972569,12.468828,0.000000,-8.863636,-8.863636,6.034913,3.266833,-4.921031,-10.847880,-15.082294,-17.672485,-1.000000,20050.000000
-12.127660,4.255319,-12.765958,17.206982,17.206982,-7.829787,-9.659575,-16.326241,-21.904255,-25.855320,-28.439716,1.000000,23500.000000
0.000000,3.125000,-2.083333,2.127660,2.127660,-7.750000,-9.375000,-15.680555,-21.468750,-25.666666,-28.583334,1.000000,24000.000000
15.328467,15.571776,-1.216545,-14.375000,-14.375000,7.153285,5.450122,0.048662,-6.812652,-11.844282,-15.531224,-1.000000,20550.000000
8.130081,10.569106,-1.897019,-10.218978,-10.218978,15.501355,15.962060,12.195122,4.864499,-0.791328,-5.040650,-1.000000,18450.000000
8.130081,10.569106,-1.897019,0.000000,0.000000,13.766937,14.498645,12.737127,5.934959,0.260163,-4.137308,0.000000,18450.000000
-8.977556,8.977556,-10.473816,8.672087,8.672087,1.246883,4.638404,4.339152,-1.134663,-6.523691,-10.706567,1.000000,20050.000000
8.527132,9.043927,-3.359173,-3.491272,-3.491272,0.103359,7.260982,8.303187,3.462532,-2.056848,-6.485788,-1.000000,19350.000000
0.000000,3.359173,-2.842377,0.000000,0.000000,-1.136951,6.330750,7.614126,4.405685,-1.054264,-5.503876,0.000000,19350.000000
-0.515464,2.061856,-0.773196,0.258398,0.258398,-0.412371,4.716495,6.718213,4.922680,-0.298969,-4.776632,0.000000,19400.000000
-0.261780,1.570681,-6.282722,-1.546392,-1.546392,1.832461,5.863874,7.678883,7.133508,2.230366,-2.321117,-1.000000,19100.000000
-0.261780,1.570681,-6.282722,0.000000,0.000000,0.837696,3.560210,6.841187,7.356021,3.193717,-1.422339,0.000000,19100.000000
0.261780,2.617801,0.000000,0.000000,0.000000,0.575916,0.994764,5.968586,7.434555,3.968586,-0.549738,0.000000,19100.000000
-4.040404,2.525253,-4.040404,3.664922,3.664922,-2.525253,-2.954545,1.767677,3.244950,1.121212,-3.173401,1.000000,19800.000000
-5.714286,3.571429,-6.190476,6.060606,6.060606,-6.571429,-7.285714,-4.365079,-2.702381,-3.771429,-7.674603,1.000000,21000.000000
-2.314815,2.083333,-5.555555,2.857143,2.857143,-6.851852,-8.402778,-6.543210,-5.300926,-5.583333,-9.143518,1.000000,21600.000000
-12.024048,4.208417,-13.827655,15.509259,15.509259,-14.669338,-18.737474,-18.704075,-17.324650,-17.186373,-19.946560,1.000000,24950.000000
7.894737,8.114035,-1.973684,-8.617234,-8.617234,-3.377193,-9.561403,-11.388889,-9.265351,-8.675439,-11.315789,-1.000000,22800.000000
9.558824,11.764706,-1.960784,-10.526316,-10.526316,8.578431,1.593137,-1.013072,1.225490,1.882353,-0.114379,-1.000000,20400.000000
-1.176471,1.176471,-2.588235,4.166667,4.166667,4.470588,-1.600000,-4.094118,-3.000000,-2.183529,-3.341177,1.000000,21250.000000
-8.977036,0.835073,-10.229645,12.705882,12.705882,-5.344468,-10.668058,-13.375087,-13.121085,-12.743215,-13.263744,1.000000,23950.000000
2.083333,5.902778,-5.902778,20.250523,20.250523,-18.611111,-22.343750,-25.937500,-26.831596,-26.423611,-26.649305,1.000000,28800.000000
-5.448718,0.801282,-7.211538,8.333333,8.333333,-19.487179,-24.439102,-29.102564,-31.306089,-30.852564,-30.966881,1.000000,31200.000000
-6.716418,2.537313,-7.462687,7.371795,7.371795,-17.194031,-25.537313,-31.154228,-34.089554,-34.125374,-34.497513,1.000000,33500.000000
10.508474,11.525424,0.000000,-11.940298,-11.940298,-0.372881,-12.559322,-19.536724,-23.279661,-24.176271,-24.677965,-1.000000,29500.000000
12.453531,15.985130,-2.044610,-8.813560,-8.813560,11.449814,-2.137547,-9.826518,-14.293680,-15.828997,-16.685253,-1.000000,26900.000000
14.603960,17.079208,-3.960396,-24.907063,-24.907063,39.900990,27.970297,20.445545,14.170792,11.435643,10.734324,-1.000000,20200.000000
-1.941748,1.456311,-5.339806,1.980198,1.980198,26.893204,24.417477,18.592234,12.257281,8.611650,8.422330,1.000000,20600.000000
-3.529412,2.117647,-4.470588,3.155340,3.155340,11.482353,21.011765,15.419608,9.270588,5.421176,5.121569,1.000000,21250.000000
-8.008658,0.865801,-8.441559,8.705882,8.705882,-2.987013,12.121212,6.782107,1.320346,-2.216450,-3.138528,1.000000,23100.000000
-2.500000,3.333333,-2.500000,3.896104,3.896104,-9.041667,7.937500,3.444444,-1.458333,-4.958333,-6.222222,1.000000,24000.000000
0.843882,2.742616,-2.109705,-1.250000,-1.250000,-4.936709,7.151899,4.402250,0.759494,-3.139241,-5.007032,-1.000000,23700.000000
1.739130,2.608696,-1.521739,-2.953587,-2.953587,0.043478,6.847826,7.637681,4.673913,0.443478,-2.260870,-1.000000,23000.000000
-2.325581,1.057082,-5.496829,2.826087,2.826087,-0.676533,-0.253700,5.595490,2.610994,-1.589852,-4.510219,1.000000,23650.000000
-4.990020,1.796407,-6.187625,5.919662,5.919662,-4.670659,-7.604790,0.705256,-2.315369,-6.187625,-8.968729,1.000000,25050.000000
1.455301,1.455301,-3.118503,-3.992016,-3.992016,-0.665281,-4.948025,4.920305,2.255717,-1.463617,-4.407485,-1.000000,24050.000000
-2.024292,0.809717,-2.631579,2.702703,2.702703,-2.469636,-5.627531,1.052632,-0.485830,-3.149798,-6.295547,1.000000,24700.000000
1.646091,4.115226,-1.440329,-1.619433,-1.619433,0.205761,-2.551440,0.823045,1.460905,-0.699588,-4.074074,-1.000000,24300.000000
0.650759,3.036876,-0.433839,-5.144033,-5.144033,5.119306,3.514100,3.268257,7.537961,5.249458,1.663051,-1.000000,23050.000000
-1.290323,1.075269,-3.655914,0.867679,0.867679,2.666667,2.688172,0.587814,7.043011,4.731183,1.340502,1.000000,23250.000000
-0.215054,1.720430,-1.290323,0.000000,0.000000,1.978495,2.365591,-0.458781,6.892473,5.015054,1.935484,0.000000,23250.000000
-0.641026,0.641026,-1.495726,0.645161,0.645161,0.213675,1.581197,-0.185185,5.053419,4.076923,1.894587,1.000000,23400.000000
1.077586,2.586207,-1.508621,-0.854701,-0.854701,0.129310,2.543103,1.422414,4.234914,5.043103,3.362069,-1.000000,23200.000000
-0.655022,0.436681,-1.310044,-1.293103,-1.293103,1.310044,3.558952,3.231441,3.286026,6.855895,5.167395,-1.000000,22900.000000
-0.441501,1.324503,-0.883002,-1.091703,-1.091703,1.898455,3.642384,4.238410,2.913907,8.282560,6.571008,-1.000000,22650.000000
0.439560,1.758242,-0.659341,0.441501,0.441501,1.010989,2.615385,3.413919,1.549451,7.595604,6.271062,0.000000,22750.000000
-2.407002,1.094092,-2.844639,0.439560,0.439560,0.087527,1.356674,2.713348,1.684901,6.083151,5.499635,0.000000,22850.000000
0.881057,2.863436,-0.881057,-0.656455,-0.656455,0.308370,1.321586,3.303965,2.819383,5.286344,6.182085,-1.000000,22700.000000
1.565996,1.789709,-0.447427,-1.541850,-1.541850,1.387025,2.595078,4.533930,4.675615,4.939597,8.135719,-1.000000,22350.000000
-0.224719,0.449438,-1.348315,-0.447427,-0.447427,1.483146,2.606742,4.164794,4.955056,4.107865,8.771536,0.000000,22250.000000
-5.319149,1.914894,-5.319149,5.617978,5.617978,-3.276596,-2.744681,-1.531915,-0.734043,-2.008511,2.921986,1.000000,23500.000000
-0.421053,2.105263,-2.105263,1.063830,1.063830,-3.536842,-3.621053,-2.835088,-1.768421,-2.442105,1.129825,1.000000,23750.000000
-0.421053,2.105263,-2.105263,0.000000,0.000000,-2.652632,-3.389474,-2.989474,-1.610526,-1.911579,0.084211,0.000000,23750.000000
0.000000,0.642398,-2.141328,-1.684211,-1.684211,-0.128480,-1.541756,-1.241970,0.010707,0.128480,0.349750,-1.000000,23350.000000
1.086957,4.130435,-1.304348,-1.498929,-1.498929,2.043478,0.108696,0.188406,1.086957,1.634783,0.934783,-1.000000,23000.000000
-3.191489,0.851064,-4.042553,2.173913,2.173913,-0.127660,-1.702128,-1.872340,-1.180851,-0.612766,-1.695035,1.000000,23500.000000
1.075269,2.365591,-0.645161,-1.063830,-1.063830,0.516129,-0.473118,-0.860215,-0.430108,0.378495,-0.200717,-1.000000,23250.000000
0.435730,1.960784,-1.089325,-1.290323,-1.290323,1.132898,0.936819,0.363108,0.577342,1.681917,1.445171,-1.000000,22950.000000
0.438596,1.096491,-1.315789,-0.653595,-0.653595,1.315789,1.798246,0.994152,1.184211,2.201754,2.339181,-1.000000,22800.000000
-1.923077,0.641026,-2.564103,2.631579,2.631579,-0.940171,-0.320513,-1.381766,-1.378205,-0.700855,-0.242165,1.000000,23400.000000
0.000000,2.141328,-0.428266,-0.213675,-0.213675,-0.856531,-0.171306,-0.999286,-1.145610,-0.608137,-0.121342,0.000000,23350.000000
2.169197,2.386117,-1.518438,-1.284797,-1.284797,0.260304,0.824295,0.347072,0.065076,0.399132,1.084599,-1.000000,23050.000000
-1.094092,0.437637,-1.531729,-0.867679,-0.867679,1.050328,1.312910,1.269147,0.864333,1.024070,1.947484,-1.000000,22850.000000
-0.657895,0.438596,-1.096491,-0.218818,-0.218818,1.271930,1.293860,1.622807,1.063596,1.201754,2.046784,0.000000,22800.000000
-1.298701,0.649351,-1.731602,1.315789,1.315789,-0.303030,0.021645,0.548341,-0.151515,-0.138528,0.440115,1.000000,23100.000000
-0.431034,0.862069,-0.862069,0.432900,0.432900,-0.862069,-0.538793,0.028736,-0.484914,-0.577586,-0.114943,0.000000,23200.000000
-1.066098,0.852878,-1.066098,1.077586,1.077586,-1.577825,-1.513859,-1.122957,-1.417910,-1.628998,-1.357498,1.000000,23450.000000
-0.212766,1.063830,-1.063830,0.213220,0.213220,-1.234043,-1.489362,-1.404255,-1.457447,-1.787234,-1.680851,0.000000,23500.000000
-3.651116,0.000000,-4.868154,4.893617,4.893617,-4.340771,-5.334686,-5.652468,-5.588235,-6.085193,-6.051386,1.000000,24650.000000
-9.523809,0.915751,-10.989011,10.750507,10.750507,-10.549451,-13.095238,-13.760684,-13.827839,-14.520146,-14.676435,1.000000,27300.000000
11.111111,11.522634,-0.617284,-10.989011,-10.989011,1.399177,-1.975309,-2.894376,-3.024691,-3.711934,-3.998628,-1.000000,24300.000000
11.111111,11.522634,-0.617284,0.000000,0.000000,2.098765,-1.460905,-2.606310,-2.911523,-3.473251,-3.875171,0.000000,24300.000000
0.000000,2.494802,-0.207900,-1.028807,-1.028807,3.617464,0.062370,-1.288981,-1.839917,-2.245322,-2.758143,-1.000000,24050.000000
-1.639344,0.819672,-3.688524,1.455301,1.455301,1.926229,-0.717213,-2.267760,-3.032787,-3.311476,-3.948087,1.000000,24400.000000
-1.639344,0.819672,-3.688524,0.000000,0.000000,-0.450820,-0.184426,-1.994536,-2.745902,-2.959016,-3.709016,0.000000,24400.000000
0.000000,2.868852,-1.024590,0.000000,0.000000,-0.368852,0.307377,-1.707650,-2.561476,-2.811476,-3.483607,0.000000,24400.000000
-1.014199,2.434077,-1.217039,1.024590,1.024590,-1.095335,-0.223124,-2.271805,-3.265720,-3.651116,-4.219067,1.000000,24650.000000
5.894737,9.052631,-0.631579,-3.651116,-3.651116,2.400000,3.663158,1.684211,0.568421,0.000000,-0.442105,-1.000000,23750.000000
12.619047,13.095238,-1.904762,-11.578947,-11.578947,12.571428,15.500000,14.428572,13.309524,12.647619,12.380953,-1.000000,21000.000000
2.784810,4.810127,-2.025316,-5.952381,-5.952381,14.987342,18.987341,20.540085,19.556963,19.118988,19.071730,-1.000000,19750.000000
-4.030227,1.511335,-4.030227,0.506329,0.506329,9.823678,16.146095,18.807724,18.073048,17.783375,17.858942,0.000000,19850.000000
-3.658537,3.658537,-3.658537,3.274559,3.274559,2.292683,10.609756,14.081301,13.707317,13.512196,13.593496,1.000000,20500.000000
1.435407,5.741627,-0.478469,1.951220,1.951220,-2.392344,6.985646,11.068581,11.064593,10.947369,10.964912,1.000000,20900.000000
-3.051643,0.704225,-5.164319,1.913876,1.913876,-3.943662,3.521127,7.934272,8.626760,8.582160,8.560250,1.000000,21300.000000
1.913876,3.827751,-0.478469,-1.877934,-1.877934,-1.004785,3.827751,7.958533,10.179426,10.181818,10.303030,-1.000000,20900.000000
6.075949,6.835443,-0.506329,-5.502392,-5.502392,4.658228,7.518987,12.708860,15.721519,15.868355,16.092827,-1.000000,19750.000000
6.233062,9.756098,-4.336043,-6.582278,-6.582278,9.810298,11.734417,18.536585,22.520325,23.035231,23.405602,-1.000000,18450.000000
6.104651,8.139535,-1.162791,-6.775068,-6.775068,13.488372,16.046511,24.496124,29.593023,30.662790,31.259689,-1.000000,17200.000000
-4.000000,1.714286,-4.000000,1.744186,1.744186,7.200000,12.057143,19.733334,25.328571,27.211428,28.000000,1.000000,17500.000000
0.000000,1.381215,-2.209945,3.428571,3.428571,0.552486,7.430939,13.443830,18.632597,21.889503,22.780848,1.000000,18100.000000
2.542373,3.107345,-1.694915,-2.209945,-2.209945,0.508475,8.644068,13.483993,19.449152,23.401131,24.491526,-1.000000,17700.000000
10.644258,16.806723,0.000000,0.847458,0.847458,-1.008403,6.246499,9.990663,16.638655,21.109243,22.474323,1.000000,17850.000000
4.733728,5.621302,-0.295858,-5.322129,-5.322129,4.201183,9.852071,13.471400,21.079882,26.355030,28.185404,-1.000000,16900.000000
-4.261364,3.409091,-4.261364,4.142012,4.142012,0.170455,3.380682,7.670455,14.332386,19.727272,22.102272,1.000000,17600.000000
5.357143,5.952381,-4.761905,-4.545455,-4.545455,3.392857,5.863095,11.626985,17.514881,22.928572,26.666666,-1.000000,16800.000000
-0.296736,1.483680,-2.077151,0.297619,0.297619,2.077151,3.827893,10.108803,14.925816,20.795252,25.034618,0.000000,16850.000000
0.595238,1.488095,-2.380952,-0.296736,-0.296736,1.130952,3.154762,8.968254,12.931547,19.369047,24.087301,0.000000,16800.000000
-7.671233,16.164383,-8.493151,8.630953,8.630953,-5.424657,-4.465754,-0.657534,2.452055,8.613699,13.269406,1.000000,18250.000000
-3.183024,5.835544,-3.448276,3.287671,3.287671,-7.108753,-6.790451,-4.686119,-1.379310,3.978780,8.638373,1.000000,18850.000000
4.696133,5.801105,-3.038674,-3.978780,-3.978780,-1.823204,-2.928177,-1.767956,2.251381,6.895028,11.445672,-1.000000,18100.000000
3.488372,5.232558,-0.581395,-4.972376,-4.972376,3.720930,1.860465,2.383721,6.831395,10.813953,15.901163,-1.000000,17200.000000
0.586510,1.466276,-2.346041,-0.872093,-0.872093,4.926686,2.287390,2.737048,6.759531,10.005865,15.503422,-1.000000,17050.000000
-1.173020,0.879765,-1.759531,0.000000,0.000000,3.519062,2.375367,2.678397,5.630498,8.434017,14.134897,0.000000,17050.000000
-0.291545,3.206997,-2.623907,0.586510,0.586510,0.932945,1.516035,1.943635,3.804665,6.903790,12.060253,1.000000,17150.000000
-2.292264,0.286533,-2.292264,1.749271,1.749271,-1.547278,0.143266,-0.057307,1.031519,4.538682,8.806112,1.000000,17450.000000
-2.506964,0.278552,-3.064067,2.865330,2.865330,-3.454039,-2.033426,-2.748375,-2.284122,1.203343,4.577530,1.000000,17950.000000
0.000000,0.547945,-2.191781,1.671309,1.671309,-3.726027,-2.849315,-4.200913,-3.945205,-0.953425,1.689498,1.000000,18250.000000
3.380282,4.507042,-1.126761,-2.739726,-2.739726,-0.225352,-0.394366,-1.183099,-1.084507,1.126761,3.427230,-1.000000,17750.000000
2.890173,3.468208,-0.867052,-2.535211,-2.535211,2.543353,1.300578,1.271676,1.430636,2.832370,5.404624,-1.000000,17300.000000
-0.583090,0.874636,-1.457726,-0.867052,-0.867052,3.090379,1.632653,2.293489,2.040816,2.857143,5.821186,-1.000000,17150.000000
-0.867052,0.867052,-1.445087,0.874636,0.874636,1.445087,0.809249,1.579961,1.040462,1.398844,4.412332,1.000000,17300.000000
1.461988,1.754386,-0.584795,-1.156069,-1.156069,1.286550,2.017544,2.884990,2.002924,2.269006,4.970760,-1.000000,17100.000000
1.461988,1.754386,-1.169591,0.000000,0.000000,0.526316,2.046784,2.436647,2.061404,2.245614,4.230020,0.000000,17100.000000
-1.724138,1.436782,-1.724138,1.754386,1.754386,-1.091954,0.431034,0.114943,0.244253,0.459770,1.685824,1.000000,17400.000000
0.862069,1.436782,-0.862069,0.000000,0.000000,-0.804598,0.402299,-0.153257,0.416667,0.298851,1.015326,0.000000,17400.000000
1.156069,1.445087,-1.445087,-0.574713,-0.574713,-0.231214,0.606936,0.462428,1.127168,0.786127,1.127168,-1.000000,17300.000000
0.000000,0.874636,-0.583090,-0.867052,-0.867052,0.699708,0.845481,1.379981,2.113703,1.504373,1.758989,-1.000000,17150.000000
2.678571,2.678571,0.000000,-2.040816,-2.040816,2.440476,2.380952,3.392857,3.809524,3.595238,3.799603,-1.000000,16800.000000
0.000000,0.588235,-1.176471,1.190476,1.190476,0.764706,1.000000,2.117647,2.044118,2.235294,2.480392,1.000000,17000.000000
-2.593660,0.576369,-2.881844,2.058824,2.058824,-1.325648,-0.922190,0.019212,-0.230548,0.299712,0.268972,1.000000,17350.000000
-0.289855,0.869565,-1.159420,-0.576369,-0.576369,-0.811594,-0.376812,0.328502,0.362319,0.973913,0.763285,-1.000000,17250.000000
-0.576369,1.152738,-2.017291,0.579710,0.579710,-1.152738,-0.806916,-0.595581,-0.129683,0.518732,0.086455,1.000000,17350.000000
-1.136364,0.568182,-1.420455,1.440922,1.440922,-1.647727,-1.931818,-2.064394,-1.392045,-1.056818,-1.202652,1.000000,17600.000000
0.284900,1.424501,-1.424501,-0.284091,-0.284091,-0.740741,-1.566952,-1.690408,-0.997151,-1.071225,-0.930674,0.000000,17550.000000
0.284900,1.424501,-1.424501,0.000000,0.000000,-0.512821,-1.481481,-1.538462,-0.968661,-1.196581,-0.788224,0.000000,17550.000000
1.724138,1.724138,-0.287356,-0.854701,-0.854701,0.517241,-0.574713,-0.651341,-0.272988,-0.298851,0.172414,-1.000000,17400.000000
0.589971,1.769912,-1.769912,-2.586207,-2.586207,2.713864,1.946903,1.927237,1.991150,2.324484,2.861357,-1.000000,16950.000000
-0.296736,0.296736,-1.483680,-0.589971,-0.589971,2.433234,2.581602,2.433234,2.329377,2.884273,3.194857,-1.000000,16850.000000
2.431611,2.735562,0.000000,-2.373887,-2.373887,3.586626,4.741642,4.539007,4.559270,5.215806,5.217832,-1.000000,16450.000000
2.208202,3.785489,-0.315457,-3.647416,-3.647416,5.362776,7.760252,7.844374,8.107256,8.794952,8.727655,-1.000000,15850.000000
-1.869159,0.623053,-3.426791,1.261830,1.261830,2.367601,5.669782,5.981308,6.370717,6.965732,7.133956,1.000000,16050.000000
1.282051,3.205128,-1.602564,-2.803738,-2.803738,3.589744,7.596154,8.376068,8.958333,9.371795,9.914530,-1.000000,15600.000000
-1.875000,0.625000,-3.125000,2.564103,2.564103,-0.062500,3.906250,5.333333,5.890625,6.200000,6.947917,1.000000,16000.000000
2.215190,2.215190,-0.316456,-1.250000,-1.250000,0.379747,4.113924,6.160337,6.724684,7.164557,8.016877,-1.000000,15800.000000
2.325581,4.318937,-0.664452,-4.746835,-4.746835,4.318937,7.641196,10.431893,11.262459,11.946844,12.868217,-1.000000,15050.000000
-3.225806,0.000000,-3.548387,2.990033,2.990033,0.580645,3.290323,6.473118,7.451613,8.232258,9.064516,1.000000,15500.000000
0.000000,0.651466,-1.302932,-0.967742,-0.967742,1.237785,3.257329,6.644951,7.915309,8.833877,9.500543,-1.000000,15350.000000
5.208333,6.250000,0.000000,-6.188925,-6.188925,5.694445,8.368055,12.199074,14.201389,15.263889,15.949074,-1.000000,14400.000000
-1.706485,1.365188,-1.706485,1.736111,1.736111,2.320819,5.290102,8.964733,11.450512,12.546075,13.367463,1.000000,14650.000000
0.348432,2.439024,-0.696864,-2.047781,-2.047781,3.484321,6.445993,9.756098,12.735191,14.048780,15.087108,-1.000000,14350.000000
-1.045296,2.439024,-1.045296,0.000000,0.000000,1.881533,5.261324,8.339141,11.724739,13.226480,14.401858,0.000000,14350.000000
3.249098,3.610108,-1.805054,-3.484321,-3.484321,3.393502,7.797834,10.758122,14.494585,16.361012,17.749699,-1.000000,13850.000000
-0.358423,1.433692,-1.075269,0.722022,0.722022,2.007169,5.555555,8.578256,12.365591,14.709678,16.152927,1.000000,13950.000000
-0.358423,1.433692,-1.075269,0.000000,0.000000,1.003584,4.229391,7.383512,11.075269,13.835126,15.328554,0.000000,13950.000000
-0.358423,1.433692,-1.075269,0.000000,0.000000,0.430108,3.440860,6.475508,9.784946,12.860215,14.504182,0.000000,13950.000000
-2.097902,1.048951,-2.097902,2.508960,2.508960,-2.097902,0.069930,3.053613,6.013986,9.272727,11.002331,1.000000,14300.000000
-2.473498,0.706714,-3.533569,-1.048951,-1.048951,-0.636042,0.282686,3.462898,6.148410,9.526502,11.472321,-1.000000,14150.000000
0.716846,2.150538,0.000000,-1.413428,-1.413428,0.788530,1.397849,3.966547,6.630825,10.050179,12.389486,-1.000000,13950.000000
1.831502,2.564103,-0.366300,-2.150538,-2.150538,2.564103,2.893773,5.201465,7.948718,11.326007,14.041514,-1.000000,13650.000000
1.879699,3.007519,-0.375940,-2.564103,-2.564103,4.285714,4.812030,7.092732,9.830827,12.977444,16.027569,-1.000000,13300.000000
-3.296703,1.831502,-3.296703,2.631579,2.631579,0.659341,1.611722,3.443223,6.135531,8.981685,12.173382,1.000000,13650.000000
0.000000,0.732601,-1.098901,0.000000,0.000000,-0.073260,1.465201,2.612943,5.421246,8.014652,11.269841,0.000000,13650.000000
-2.564103,0.000000,-3.296703,0.000000,0.000000,-0.512821,1.245421,2.246642,4.560440,7.076923,10.305250,0.000000,13650.000000
3.891051,5.447471,-0.778210,-5.860806,-5.860806,4.435798,6.692607,7.678340,9.922179,12.622568,15.953307,-1.000000,12850.000000
0.000000,2.766798,-3.952569,-1.556420,-1.556420,5.059289,7.351779,8.484848,10.711462,13.391304,16.495388,-1.000000,12650.000000
-1.600000,5.600000,-4.000000,-1.185771,-1.185771,4.480000,7.200000,8.800000,10.840000,13.616000,16.586666,-1.000000,12500.000000
4.237288,7.203390,0.000000,-5.600000,-5.600000,7.542373,11.567797,14.096045,15.911017,19.067797,22.048023,-1.000000,11800.000000
1.694915,4.237288,-0.423729,0.000000,0.000000,4.406780,9.745763,12.881356,14.809322,17.644068,20.621469,0.000000,11800.000000
-0.843882,1.265823,-2.531646,0.423729,0.423729,2.278481,7.763713,11.223629,13.143460,15.814346,18.818565,0.000000,11850.000000
-0.843882,1.265823,-2.531646,0.000000,0.000000,0.928270,6.540084,10.042194,12.088608,14.734178,17.693390,0.000000,11850.000000
-2.892562,1.239669,-3.305785,2.109705,2.109705,-1.818182,3.057851,6.556474,8.842976,11.239670,14.173553,1.000000,12100.000000
3.829787,4.680851,-0.851064,-2.892562,-2.892562,1.021277,4.510638,8.368794,11.191489,13.327660,16.482269,-1.000000,11750.000000
-0.420168,0.840336,-1.260504,1.276596,1.276596,-0.084034,1.722689,5.854342,8.928572,11.058824,13.865546,1.000000,11900.000000
0.000000,1.271186,-0.423729,-0.840336,-0.840336,0.677966,1.694915,5.706215,8.940678,11.033898,13.700565,-1.000000,11800.000000
0.000000,1.271186,-0.423729,0.000000,0.000000,0.593220,0.974576,4.858757,8.029661,10.169492,12.782486,0.000000,11800.000000
2.678571,2.678571,-1.785714,-5.084746,-5.084746,4.375000,5.223214,9.017858,12.433036,14.946428,17.544643,-1.000000,11200.000000
-3.930131,0.000000,-4.366812,2.232143,2.232143,1.572052,2.620087,5.356623,8.799127,11.598253,13.842794,1.000000,11450.000000
2.272727,3.636364,-2.272727,-3.930131,-3.930131,4.090909,6.090909,8.060606,11.909091,15.090909,17.469696,-1.000000,11000.000000
-1.785714,2.232143,-1.785714,1.818182,1.818182,1.160714,3.616071,5.148809,8.816964,12.053572,14.345238,1.000000,11200.000000
-2.212389,0.442478,-2.654867,0.892857,0.892857,-0.619469,2.212389,3.421829,6.969027,10.123894,12.433628,1.000000,11300.000000
0.000000,0.436681,-1.746725,1.327434,1.327434,-1.484716,0.305677,1.455604,4.606987,7.685589,10.116448,1.000000,11450.000000
0.436681,2.183406,-1.310044,0.000000,0.000000,-1.484716,0.043668,1.251819,3.646288,6.742358,9.417758,0.000000,11450.000000
0.892857,2.232143,-0.446429,-2.183406,-2.183406,1.071429,1.651786,3.154762,4.866071,8.142858,11.041667,-1.000000,11200.000000
0.904977,4.072398,-0.452489,-1.339286,-1.339286,2.171946,2.352941,4.072398,5.475113,8.669683,11.674208,-1.000000,11050.000000
-0.450450,1.801802,-0.450450,0.452489,0.452489,1.351351,1.261261,3.153153,4.301802,7.387387,10.315315,0.000000,11100.000000
-0.892857,1.339286,-1.339286,0.900901,0.900901,0.000000,0.357143,1.696429,2.790179,5.553571,8.407738,1.000000,11200.000000
1.363636,2.272727,-0.454545,-1.785714,-1.785714,1.000000,1.772727,3.090909,4.295455,6.509091,9.424242,-1.000000,11000.000000
-1.793722,0.448430,-1.793722,1.363636,1.363636,-0.448430,0.538117,1.255605,2.600897,4.179372,7.115097,1.000000,11150.000000
0.452489,1.357466,-0.452489,-0.896861,-0.896861,0.452489,1.312217,1.719457,3.167421,4.470588,7.300151,-1.000000,11050.000000
0.904977,1.357466,-0.904977,0.000000,0.000000,0.361991,1.085973,1.266968,2.805430,3.891403,6.621418,0.000000,11050.000000
0.000000,0.448430,-4.484305,0.904977,0.904977,-0.627803,-0.089686,0.328849,1.457399,2.475336,4.917788,1.000000,11150.000000
1.826484,1.826484,0.000000,-1.793722,-1.793722,1.095890,1.278539,1.856925,2.945205,4.036530,6.012177,-1.000000,10950.000000
0.000000,1.376147,-0.917431,-0.456621,-0.456621,1.100917,1.467890,2.262997,2.958716,4.183486,5.657492,0.000000,10900.000000
-1.818182,0.000000,-1.818182,0.917431,0.917431,0.090909,0.500000,1.212121,1.659091,2.927273,4.136364,1.000000,11000.000000
-0.450450,0.450450,-1.351351,0.909091,0.909091,-0.720721,-0.405405,0.180180,0.427928,1.729730,2.732733,1.000000,11100.000000
0.448430,1.793722,-0.896861,0.450450,0.450450,-1.165919,-0.896861,-0.448430,-0.044843,0.932735,1.868460,0.000000,11150.000000
-0.438596,0.000000,-2.192982,2.242152,2.242152,-2.543860,-2.719298,-2.660819,-2.258772,-1.403509,-0.482456,1.000000,11400.000000
-0.436681,0.873362,-1.310044,0.438596,0.438596,-2.008734,-2.882096,-2.940320,-2.489083,-1.991266,-1.018923,0.000000,11450.000000
2.202643,3.524229,-0.440529,-0.873362,-0.873362,-0.528634,-1.762115,-1.908957,-1.563877,-1.286344,-0.293686,-1.000000,11350.000000
-0.869565,1.739130,-0.869565,1.321586,1.321586,-1.130435,-2.652174,-2.956522,-2.760870,-2.678261,-1.695652,1.000000,11500.000000
0.000000,0.431034,-1.724138,0.869565,0.869565,-1.206897,-3.103448,-3.563218,-3.534483,-3.379310,-2.686782,1.000000,11600.000000
-0.851064,2.553191,-1.702128,1.293103,1.293103,-1.872340,-3.659575,-4.368794,-4.638298,-4.510638,-3.929078,1.000000,11750.000000
0.427350,1.709402,-0.427350,-0.425532,-0.425532,-1.025641,-2.564103,-3.646724,-4.017094,-3.863248,-3.575499,0.000000,11700.000000
1.731602,1.731602,0.000000,-1.282051,-1.282051,0.606061,-0.822511,-2.106782,-2.554113,-2.493506,-2.395382,-1.000000,11550.000000
1.754386,2.192982,-0.438596,-1.298701,-1.298701,1.754386,0.745614,-0.614035,-1.140351,-1.175439,-1.228070,-1.000000,11400.000000
-1.731602,0.865801,-2.164502,1.315789,1.315789,0.346320,-0.216450,-1.673882,-2.272727,-2.424242,-2.409812,1.000000,11550.000000
0.858369,0.858369,-1.287554,0.865801,0.865801,-0.686695,-0.858369,-2.117311,-2.832618,-3.193133,-3.190272,1.000000,11650.000000
0.000000,0.854701,-0.854701,0.429185,0.429185,-1.111111,-1.068376,-2.079772,-3.012820,-3.435897,-3.404558,0.000000,11700.000000
-1.680672,0.000000,-2.941176,1.709402,1.709402,-2.184874,-2.268908,-3.221288,-4.285714,-4.773109,-4.831933,1.000000,11900.000000
-5.747127,0.766284,-7.662835,9.663865,9.663865,-8.275862,-9.693486,-10.753512,-11.954023,-12.567050,-12.771392,1.000000,13050.000000
1.190476,1.587302,-1.984127,-3.448276,-3.448276,-3.333333,-5.674603,-6.798942,-8.234127,-9.000000,-9.351851,-1.000000,12600.000000
-1.167315,0.389105,-3.112840,1.984127,1.984127,-3.346303,-6.653697,-7.859922,-9.280155,-10.194552,-10.752270,1.000000,12850.000000
-4.411765,0.367647,-6.617647,5.836576,5.836576,-5.882353,-10.404411,-11.887255,-13.290442,-14.426471,-15.085784,1.000000,13600.000000
4.924242,6.439394,0.000000,-2.941176,-2.941176,-1.060606,-6.439394,-8.282828,-9.829545,-11.181818,-11.969697,-1.000000,13200.000000
5.078125,5.078125,-1.562500,-3.030303,-3.030303,1.640625,-2.421875,-4.739583,-6.347656,-7.859375,-8.776042,-1.000000,12800.000000
2.845528,3.658537,-0.406504,-3.906250,-3.906250,5.284553,2.154472,-0.487805,-2.073171,-3.739837,-4.769648,-1.000000,12300.000000
0.414938,2.074689,-0.829876,-2.032520,-2.032520,6.141079,4.605809,1.742739,0.228216,-1.377593,-2.503458,-1.000000,12050.000000
1.255230,1.673640,-1.255230,-0.829876,-0.829876,4.267782,5.690377,2.733612,1.276151,-0.200837,-1.464435,-1.000000,11950.000000
-0.829876,0.829876,-1.244813,0.836820,0.836820,1.493776,4.937759,2.157676,0.726141,-0.680498,-2.005533,1.000000,12050.000000
-1.250000,0.416667,-1.250000,-0.414938,-0.414938,0.583333,4.500000,2.916667,1.354167,0.033333,-1.333333,0.000000,12000.000000
2.136752,2.136752,0.000000,-2.500000,-2.500000,2.136752,6.410256,5.641026,3.995727,2.786325,1.353276,-1.000000,11700.000000
-0.840336,0.840336,-1.680672,1.709402,1.709402,0.168067,3.823529,4.005602,2.310924,1.226891,-0.084034,1.000000,11900.000000
-0.418410,0.836820,-1.255230,0.420168,0.420168,-0.251046,2.008368,3.709902,1.987448,0.970711,-0.209205,0.000000,11950.000000
-0.423729,0.847458,-1.271186,-1.255230,-1.255230,0.593220,2.118644,4.971751,3.389831,2.406780,1.285311,-1.000000,11800.000000
1.298701,1.731602,0.000000,-2.118644,-2.118644,1.991342,3.246753,6.378067,5.692641,4.640693,3.607504,-1.000000,11550.000000
4.545455,5.000000,-0.454545,-4.761905,-4.761905,5.818182,7.227273,10.727273,10.727273,9.654546,8.742424,-1.000000,11000.000000
0.456621,1.369863,-0.456621,-0.454545,-0.454545,4.566210,6.712329,10.076103,10.913242,9.863013,9.101978,0.000000,10950.000000
-0.900901,4.054054,-0.900901,1.369863,1.369863,1.621622,4.504505,7.087087,9.144144,8.162162,7.522522,1.000000,11100.000000
1.851852,2.314815,-0.925926,-2.702703,-2.702703,2.592592,6.250000,8.580247,11.666667,10.888889,10.339506,-1.000000,10800.000000
-1.363636,0.909091,-2.272727,1.851852,1.851852,-0.272727,3.409091,5.515152,8.704545,8.727273,8.181818,1.000000,11000.000000
-1.777778,0.888889,-2.222222,2.272727,2.272727,-2.044445,0.711111,2.548148,5.688889,6.204444,5.674074,1.000000,11250.000000
3.791469,3.791469,-0.473934,-6.222222,-6.222222,3.696682,6.113744,8.404424,11.611375,12.834124,12.306478,-1.000000,10550.000000
-0.952381,0.476190,-3.809524,-0.473934,-0.473934,3.047619,5.238095,8.000000,10.666667,12.914286,12.460318,0.000000,10500.000000
-0.952381,0.476190,-3.809524,0.000000,0.000000,2.476191,4.000000,7.015873,9.380953,12.380953,12.126985,0.000000,10500.000000
2.463054,3.940887,-0.492611,-3.333333,-3.333333,4.334975,6.206897,9.490969,11.847291,15.113300,15.582923,-1.000000,10150.000000
-2.415459,0.483092,-5.120773,1.970443,1.970443,0.579710,3.526570,6.505636,8.743961,12.019323,12.962963,1.000000,10350.000000
-4.225352,0.469484,-4.225352,2.898551,2.898551,-2.065728,0.328638,2.723005,5.023474,8.037559,9.467918,1.000000,10650.000000
-2.764977,0.921659,-2.764977,1.877934,1.877934,-3.225806,-1.751152,0.153610,2.580645,5.032258,7.188940,1.000000,10850.000000
-0.458716,0.458716,-1.834862,0.460829,0.460829,-2.935780,-2.110092,-0.856269,1.582569,3.706422,6.391438,0.000000,10900.000000
0.462963,1.851852,-1.388889,-0.917431,-0.917431,-0.833333,-1.388889,-0.401235,1.967593,3.925926,6.682099,-1.000000,10800.000000
-1.369863,1.369863,-1.369863,1.388889,1.388889,-1.095890,-3.013699,-1.796043,0.228310,2.009132,4.718417,1.000000,10950.000000
-1.345291,0.448430,-1.345291,1.826484,1.826484,-1.973094,-4.215247,-3.437967,-1.905830,-0.143498,2.331839,1.000000,11150.000000
0.900901,0.900901,-1.351351,-0.448430,-0.448430,-1.081081,-3.243243,-3.003003,-1.846847,0.000000,2.042042,0.000000,11100.000000
0.000000,0.900901,-0.900901,0.000000,0.000000,-0.720721,-2.702703,-2.822823,-2.162162,-0.342342,1.411411,0.000000,11100.000000
0.452489,1.357466,-0.452489,-0.450450,-0.450450,0.180995,-1.447964,-2.352941,-1.945701,-0.235294,1.342383,0.000000,11050.000000
2.304147,2.304147,0.000000,-1.809955,-1.809955,1.843318,0.829493,-0.798771,-0.207373,1.290323,2.764977,-1.000000,10850.000000
0.930233,0.930233,-0.930233,-0.921659,-0.921659,2.046512,1.860465,0.248062,0.627907,1.804651,3.317829,-1.000000,10750.000000
0.000000,0.000000,-0.934579,-0.465116,-0.465116,1.775701,2.196262,0.841121,0.911215,1.813084,3.411215,0.000000,10700.000000
-1.382488,0.000000,-2.304147,1.401869,1.401869,-0.092166,0.737327,-0.337942,-0.460829,0.055300,1.612903,1.000000,10850.000000
-1.382488,0.000000,-2.304147,0.000000,0.000000,-0.460829,0.783410,0.092166,-0.529954,-0.202765,1.259601,0.000000,10850.000000
-1.382488,0.000000,-2.304147,0.000000,0.000000,-0.460829,0.691244,0.399386,-0.714286,-0.258065,0.998464,0.000000,10850.000000
-0.092081,0.368324,-1.012891,0.092166,0.092166,-0.349908,0.331492,0.435850,-0.662983,-0.383057,0.586249,0.000000,10860.000000
0.928505,1.392758,-0.185701,-0.828729,-0.828729,0.612813,0.863510,1.225627,0.292479,0.326834,1.061591,-1.000000,10770.000000
-2.710027,0.542005,-2.981030,2.785515,2.785515,-1.716351,-1.897019,-1.415236,-2.168022,-2.294490,-1.897019,1.000000,11070.000000
1.839926,2.023919,0.000000,-1.806685,-1.806685,0.128795,-0.257590,0.441582,-0.036799,-0.544618,-0.300521,-1.000000,10870.000000
-0.458716,0.733945,-2.293578,0.275989,0.275989,-0.055046,-0.486239,0.134557,-0.059633,-0.946789,-0.605505,0.000000,10900.000000
1.004566,1.826484,-0.365297,0.458716,0.458716,-0.347032,-0.757991,-0.444444,-0.378995,-1.252968,-1.059361,0.000000,10950.000000
3.406998,3.406998,-0.460405,-0.821918,-0.821918,0.644567,0.211786,0.233272,0.451197,-0.302026,-0.313076,-1.000000,10860.000000
1.671309,1.671309,-0.464253,-0.828729,-0.828729,0.928505,0.974930,0.866605,1.230269,0.631383,0.510678,-1.000000,10770.000000
-0.462107,0.184843,-1.386322,0.464253,0.464253,0.369686,0.480592,0.258780,0.771719,0.414048,-0.009242,0.000000,10820.000000
0.000000,0.554529,-1.201479,0.000000,0.000000,0.221811,0.452865,0.240296,0.711645,0.587800,-0.141713,0.000000,10820.000000
0.744879,0.744879,-0.372439,-0.739372,-0.739372,0.577281,1.089386,0.980757,1.270950,1.370577,0.661080,-1.000000,10740.000000
0.000000,0.465116,-0.558140,0.093110,0.093110,0.279070,0.976744,0.917829,1.013953,1.239070,0.644961,0.000000,10750.000000
1.503759,1.503759,-0.845865,-1.023256,-1.023256,1.071429,1.616541,1.829574,1.842105,2.187970,1.729323,-1.000000,10640.000000
3.285024,3.285024,-0.289855,-2.725564,-2.725564,2.995169,3.961353,4.360709,4.357488,4.877295,4.644123,-1.000000,10350.000000
-0.766284,0.287356,-0.957854,0.869565,0.869565,1.379310,2.624521,3.199234,3.261494,3.777778,3.770754,1.000000,10440.000000
-0.095147,0.761180,-1.617507,0.670498,0.670498,0.266413,1.522360,2.289883,2.459562,2.843007,3.035205,1.000000,10510.000000
-1.869159,0.280374,-1.869159,1.807802,1.807802,-1.607477,-0.429907,0.429907,0.640187,0.867290,1.158878,1.000000,10700.000000
0.371402,4.271123,-0.371402,0.654206,0.654206,-2.005571,-1.077066,-0.408542,-0.051068,0.089136,0.461158,1.000000,10770.000000
1.782364,1.876173,-0.187617,-1.021356,-1.021356,-0.412758,-0.206379,0.487805,0.891182,0.975610,1.454034,-1.000000,10660.000000
0.466418,1.399254,-0.559702,0.562852,0.562852,-0.447761,-0.858209,-0.186567,0.265858,0.361940,0.814677,1.000000,10720.000000
1.421801,3.317536,-1.232227,-1.585821,-1.585821,1.232227,0.559242,1.169036,1.734597,1.903318,2.249605,-1.000000,10550.000000
0.285171,0.285171,-1.140684,-0.284360,-0.284360,1.178707,0.627376,1.242079,1.905894,2.125475,2.357414,0.000000,10520.000000
0.573066,0.668577,-0.764088,-0.475285,-0.475285,1.088825,0.945559,1.534543,2.106017,2.468004,2.645654,0.000000,10470.000000
1.368524,1.955034,-1.270772,-2.292264,-2.292264,2.619746,3.196481,3.532095,4.188661,4.629521,4.786575,-1.000000,10230.000000
0.985222,1.477833,-0.295566,-0.782014,-0.782014,2.305419,3.724138,3.908046,4.640394,5.178325,5.382595,-1.000000,10150.000000
0.985222,1.477833,-0.295566,0.000000,0.000000,1.517241,3.369458,3.520525,4.246305,4.898522,5.185550,0.000000,10150.000000
0.788955,0.788955,-0.690335,-0.098522,-0.098522,0.867850,2.919132,3.221565,3.994083,4.753452,5.105194,0.000000,10140.000000
1.190476,1.289683,-0.396825,-0.591716,-0.591716,0.694444,2.847222,3.465608,4.270833,4.984127,5.476191,-1.000000,10080.000000
0.498008,1.394422,-0.697211,-0.396825,-0.396825,0.717131,2.639442,3.671979,4.297809,5.071713,5.627490,0.000000,10040.000000
-1.078431,0.392157,-2.156863,1.593626,1.593626,-0.764706,0.519608,1.888889,2.357843,3.149020,3.758170,1.000000,10200.000000
1.492537,1.492537,-0.497512,-1.470588,-1.470588,0.517413,1.522388,3.104478,3.542289,4.330348,5.038143,-1.000000,10050.000000
-2.127660,0.870406,-3.868472,2.885572,2.885572,-1.914894,-1.499033,-0.019342,0.440039,1.203095,1.953578,1.000000,10340.000000
-1.165049,0.679612,-1.456311,-0.386847,-0.386847,-1.106796,-1.281553,0.064725,0.665049,1.413592,2.100324,0.000000,10300.000000
1.501502,2.002002,-0.400400,-3.009709,-3.009709,1.861862,1.541542,2.722723,3.608609,4.228228,4.974975,-1.000000,9990.000000
3.108808,3.108808,-0.310881,-3.403404,-3.403404,4.310881,4.601036,5.602763,6.849741,7.415544,8.241796,-1.000000,9650.000000
-0.504032,0.000000,-1.713710,2.797927,2.797927,1.209677,1.522177,2.305108,3.644153,4.161290,4.949597,1.000000,9920.000000
-0.100908,0.000000,-2.421796,-0.100806,-0.100806,0.443996,1.392533,1.997982,3.350151,3.927346,4.735957,0.000000,9910.000000
-1.293532,0.000000,-2.189055,1.412714,1.412714,-1.452736,-0.049751,0.298507,1.552239,2.244776,3.038143,1.000000,10050.000000
-3.179191,0.674374,-3.179191,3.283582,3.283582,-3.834297,-2.899807,-2.793834,-1.811175,-0.994220,-0.378934,1.000000,10380.000000
0.972763,1.750973,-1.556420,-0.963391,-0.963391,-1.673152,-1.877432,-1.763943,-1.070039,-0.093385,0.415045,-1.000000,10280.000000
1.181102,1.181102,-0.196850,-1.167315,-1.167315,-0.039370,-0.610236,-0.597113,-0.093504,0.948819,1.410761,-1.000000,10160.000000
1.197605,1.197605,-1.097804,-1.377953,-1.377953,1.576846,0.459082,0.711910,1.052894,2.087824,2.584830,-1.000000,10020.000000
1.418440,1.823708,-0.101317,-1.497006,-1.497006,2.755826,1.550152,2.100642,2.284701,3.274570,3.883823,-1.000000,9870.000000
1.230769,1.538462,-0.923077,-1.215806,-1.215806,2.728205,2.553846,3.158974,3.297436,4.172307,4.957265,-1.000000,9750.000000
0.719424,1.233299,-0.513875,-0.205128,-0.205128,1.808839,2.846865,3.048989,3.293936,3.979445,4.929770,0.000000,9730.000000
-1.218274,0.000000,-1.218274,1.233299,1.233299,-0.060914,1.522843,1.658206,1.883249,2.428427,3.428088,1.000000,9850.000000
0.610376,0.712106,-1.220753,-0.203046,-0.203046,-0.244151,1.648016,1.519159,1.932859,2.356053,3.343506,0.000000,9830.000000
-0.204290,0.408580,-0.612870,-0.406918,-0.406918,0.000000,1.797753,1.586653,2.201226,2.496425,3.432074,0.000000,9790.000000
-0.507614,1.116751,-0.913706,0.612870,0.612870,-0.406091,0.639594,0.873096,1.482234,1.717767,2.527919,1.000000,9850.000000
1.015228,1.116751,-0.203046,0.000000,0.000000,-0.162437,0.203046,1.008460,1.304569,1.595939,2.233503,0.000000,9850.000000
-0.202634,0.607903,-0.709220,0.203046,0.203046,-0.324215,-0.293820,0.770010,1.008105,1.276596,1.796690,0.000000,9870.000000
1.654602,1.758014,0.000000,-2.026342,-2.026342,1.406412,1.406412,2.688728,2.750776,3.176836,3.609100,-1.000000,9670.000000
-0.406504,0.203252,-2.439024,1.758014,1.758014,-0.243902,-0.376016,0.772358,0.741870,1.296748,1.605691,1.000000,9840.000000
1.021450,1.021450,-1.021450,-0.508130,-0.508130,0.143003,0.173647,0.885257,1.154239,1.711951,1.974804,-1.000000,9790.000000
-0.813835,0.305188,-1.831129,0.408580,0.408580,-0.305188,-0.132248,0.169549,0.834181,1.147508,1.451339,0.000000,9830.000000
-0.405268,0.202634,-1.519757,0.406918,0.406918,-0.709220,-0.516717,-0.432286,0.400203,0.664640,0.945626,0.000000,9870.000000
0.000000,0.810537,-1.317123,0.000000,0.000000,-0.303951,-0.476190,-0.533603,0.379939,0.474164,0.854441,0.000000,9870.000000
-1.284585,0.889328,-1.778656,2.532928,2.532928,-2.213439,-2.608696,-2.826087,-2.065217,-2.079051,-1.623847,1.000000,10120.000000
-0.490196,0.000000,-1.764706,0.790514,0.790514,-2.176471,-3.029412,-3.294118,-2.921569,-2.764706,-2.343137,1.000000,10200.000000
1.298701,1.598402,-0.099900,-1.862745,-1.862745,0.039960,-1.028971,-1.272061,-1.213786,-0.775225,-0.552781,-1.000000,10010.000000
-1.474926,0.884956,-1.573255,1.598402,1.598402,-0.943953,-2.291052,-2.615536,-2.763029,-2.237955,-2.078007,1.000000,10170.000000
1.185771,1.185771,-1.086957,-0.491642,-0.491642,0.039526,-1.363636,-1.943347,-2.233202,-1.671937,-1.666667,0.000000,10120.000000
0.591716,0.591716,-2.071006,0.197628,0.197628,-0.118343,-1.262327,-1.906640,-2.292899,-1.830375,-1.913215,0.000000,10140.000000
1.100000,1.800000,-1.100000,-1.380671,-1.380671,0.880000,0.330000,-0.433333,-0.800000,-0.608000,-0.536667,-1.000000,10000.000000
1.522843,1.827411,-1.421320,-1.500000,-1.500000,2.091371,1.878173,1.082910,0.771574,0.730964,1.045685,-1.000000,9850.000000
1.554404,2.072539,-1.554404,-2.030457,-2.030457,3.129534,3.761658,3.025907,2.756477,2.607254,3.046632,-1.000000,9650.000000
0.311850,0.831601,-3.222453,-0.310881,-0.310881,2.411642,3.825364,3.312543,2.967776,2.760915,3.267498,0.000000,9620.000000
-1.028807,0.411523,-1.851852,1.039501,1.039501,0.493827,2.345679,2.167352,1.872428,1.641975,2.091907,1.000000,9720.000000
-1.028807,0.411523,-1.851852,0.000000,0.000000,-0.082305,1.851852,2.119342,1.805556,1.629630,1.865569,0.000000,9720.000000
-1.419878,0.101420,-1.622718,1.440329,1.440329,-1.480730,0.253550,0.689655,0.365112,0.239351,0.277214,1.000000,9860.000000
-1.215806,0.303951,-1.215806,0.101420,0.101420,-1.134752,-0.151976,0.587639,0.263425,0.145897,0.077676,0.000000,9870.000000
-0.915565,0.000000,-1.017294,-0.405268,-0.405268,-0.305188,-0.040692,0.969820,0.752798,0.553408,0.420482,0.000000,9830.000000
-0.915565,0.000000,-1.017294,0.000000,0.000000,-0.081384,-0.356053,0.773143,0.747711,0.569685,0.406918,0.000000,9830.000000
-1.407035,0.603015,-1.407035,1.220753,1.220753,-0.824121,-1.608040,-0.609715,-0.386935,-0.603015,-0.737018,1.000000,9950.000000
-0.302115,1.107754,-0.604230,-0.201005,-0.201005,-0.483384,-1.329305,-0.463243,-0.135952,-0.370594,-0.469956,0.000000,9930.000000
0.303644,0.910931,-1.012146,-0.503525,-0.503525,0.040486,-0.597166,-0.155196,0.374494,0.137652,0.043860,-1.000000,9880.000000
1.013171,1.013171,-0.810537,-0.101215,-0.101215,0.222898,-0.243161,-0.222898,0.476190,0.320162,0.158730,0.000000,9870.000000
0.000000,1.621074,-1.013171,0.000000,0.000000,0.303951,-0.091185,-0.405268,0.349544,0.332320,0.185748,0.000000,9870.000000
2.366255,2.366255,-0.720165,-1.519757,-1.519757,1.378601,1.450617,0.939643,1.651235,1.851852,1.687243,-1.000000,9720.000000
0.712831,1.120163,-0.814664,1.028807,1.028807,0.122200,0.376782,-0.108622,0.519348,0.810591,0.641548,1.000000,9820.000000
0.000000,0.305188,-0.813835,0.101833,0.101833,-0.081384,0.233978,-0.088165,0.244151,0.691760,0.525602,0.000000,9830.000000
-0.503018,0.402415,-1.609658,1.119023,1.119023,-1.046278,-0.764588,-0.979209,-0.955734,-0.394366,-0.496311,1.000000,9940.000000
0.705645,1.008065,-0.504032,-0.201207,-0.201207,-0.745968,-0.473790,-0.645161,-0.866935,-0.274194,-0.268817,0.000000,9920.000000
-1.683168,1.386139,-1.683168,1.814516,1.814516,-1.762376,-2.099010,-2.165016,-2.584158,-2.091089,-1.943894,1.000000,10100.000000
1.791045,1.990050,-0.298507,-0.495050,-0.495050,-0.815920,-1.492537,-1.552239,-2.000000,-1.588060,-1.383085,0.000000,10050.000000
-2.439024,1.365854,-2.439024,1.990050,1.990050,-1.931707,-3.053658,-3.226016,-3.619512,-3.477073,-3.183740,1.000000,10250.000000
1.386139,1.881188,-0.594059,-1.463415,-1.463415,-0.158416,-1.386139,-1.610561,-1.950495,-2.051485,-1.669967,-1.000000,10100.000000
2.434077,2.434077,0.000000,-2.376238,-2.376238,2.150101,1.004057,0.804598,0.507099,0.219067,0.635565,-1.000000,9860.000000
2.434077,2.434077,0.000000,0.000000,0.000000,1.663286,1.146045,0.743746,0.578093,0.162272,0.520622,0.000000,9860.000000
0.101523,0.812183,-0.406091,-0.101420,-0.101420,1.360406,1.279188,0.791878,0.675127,0.263959,0.568528,0.000000,9850.000000
0.000000,2.028398,-0.608519,0.101523,0.101523,0.466531,1.206897,0.676133,0.567951,0.247465,0.361731,0.000000,9860.000000
-0.503018,1.006036,-1.006036,0.811359,0.811359,-0.663984,0.392354,-0.087190,-0.186117,-0.430584,-0.506372,1.000000,9940.000000
0.302419,0.403226,-0.302419,-0.201207,-0.201207,-0.342742,0.594758,0.147849,0.060484,-0.149194,-0.379704,0.000000,9920.000000
-1.970443,0.098522,-1.970443,2.318548,2.318548,-2.029557,-1.635468,-1.839080,-2.108374,-2.242365,-2.587849,1.000000,10150.000000
-1.970443,0.098522,-1.970443,0.000000,0.000000,-1.438424,-1.536946,-1.622332,-2.000000,-2.128079,-2.489327,0.000000,10150.000000
0.492611,0.886699,-0.886699,0.000000,0.000000,-0.866995,-1.635468,-1.412151,-1.866995,-2.017734,-2.325123,0.000000,10150.000000
-4.347826,0.094518,-5.103970,4.236453,4.236453,-3.686200,-5.179584,-5.015753,-5.519849,-5.716446,-5.992439,1.000000,10580.000000
2.516941,2.613746,-0.096805,-2.362949,-2.362949,-0.561471,-2.429816,-2.452404,-3.010648,-3.241045,-3.520490,-1.000000,10330.000000
-0.289855,0.676328,-0.579710,0.193611,0.193611,-0.367150,-2.144928,-2.479871,-2.893720,-3.273430,-3.504026,0.000000,10350.000000
0.096618,0.772947,-0.483092,0.000000,0.000000,0.019324,-1.661836,-2.286634,-2.637681,-3.111111,-3.346216,0.000000,10350.000000
1.668302,1.668302,-1.177625,-1.545894,-1.545894,1.668302,0.206084,-0.791626,-0.932287,-1.468106,-1.723912,-1.000000,10190.000000
0.597015,1.393035,-0.398010,-1.373896,-1.373896,2.029851,1.711443,0.557214,0.502488,-0.023881,-0.281924,-1.000000,10050.000000
-0.887574,0.295858,-0.887574,0.895522,0.895522,0.749507,1.025641,-0.151216,-0.281065,-0.804734,-1.065089,1.000000,10140.000000
-5.410448,0.279851,-5.410448,5.719921,5.719921,-4.011194,-3.908582,-5.018657,-5.387127,-5.798508,-6.178483,1.000000,10720.000000
2.986512,2.986512,-0.096339,-3.171642,-3.171642,-0.809249,-0.539499,-1.567116,-2.129094,-2.497110,-2.960822,-1.000000,10380.000000
0.775194,1.550388,-0.968992,-0.578035,-0.578035,0.019380,0.203488,-0.697674,-1.526163,-1.740310,-2.254522,-1.000000,10320.000000
2.944063,4.808636,0.000000,-1.259690,-1.259690,1.570167,1.099117,0.732745,-0.225711,-0.388616,-0.902846,-1.000000,10190.000000
1.292247,1.292247,-0.198807,-1.275761,-1.275761,2.723658,2.137177,2.127237,1.163022,0.954274,0.440689,-1.000000,10060.000000
0.000000,0.497018,-0.596421,0.000000,0.000000,1.411531,1.848907,2.067595,1.262425,0.938370,0.553347,0.000000,10060.000000
-0.395648,0.593472,-0.692384,0.497018,0.497018,0.375865,1.107814,1.536433,0.890208,0.462908,0.151665,0.000000,10110.000000
0.099305,1.092354,-0.496524,-0.395648,-0.395648,0.278054,1.390268,1.886792,1.395233,0.790467,0.628931,0.000000,10070.000000
1.510574,1.711984,-0.100705,-1.390268,-1.390268,1.168177,2.698892,2.886875,2.819738,2.143001,2.044310,-1.000000,9930.000000
-0.200200,0.600601,-1.501502,0.604230,0.604230,0.420420,1.931932,2.042042,2.237237,1.581582,1.454788,1.000000,9990.000000
-1.372549,0.588235,-1.960784,2.102102,2.102102,-1.372549,-0.676471,-0.156863,0.156863,-0.376471,-0.601307,1.000000,10200.000000
0.000000,1.081613,-0.491642,-0.294118,-0.294118,-0.963618,-0.589971,0.019666,0.462144,0.043265,-0.268764,0.000000,10170.000000
2.605210,2.605210,-0.200401,-1.868240,-1.868240,0.741483,0.961924,1.783567,2.289579,1.995992,1.539746,-1.000000,9980.000000
0.908174,0.908174,-1.210898,-0.701403,-0.701403,1.412714,1.392533,2.408342,2.674067,2.704339,2.193071,-1.000000,9910.000000
0.614125,0.818833,-0.204708,-1.412714,-1.412714,2.415558,2.548618,3.623337,3.858751,4.114636,3.626749,-1.000000,9770.000000
-1.013171,0.405268,-1.317123,1.023541,1.023541,0.709220,1.317123,1.999325,2.563323,2.946302,2.580209,1.000000,9870.000000
-1.106640,0.603622,-1.609658,0.709220,0.709220,-0.462777,0.432596,0.985915,1.634809,2.136821,1.887995,1.000000,9940.000000
-1.773399,0.197044,-1.773399,2.112676,2.112676,-2.187192,-1.566502,-1.215107,-0.487685,0.023645,-0.124795,1.000000,10150.000000
-0.098425,0.688976,-0.098425,0.098522,0.098522,-1.791339,-1.437008,-1.332021,-0.531496,-0.240157,-0.150919,0.000000,10160.000000
-0.098619,0.394477,-1.380671,-0.196850,-0.196850,-0.867850,-1.094675,-1.084813,-0.335306,-0.118343,0.118343,0.000000,10140.000000
-0.295276,0.984252,-1.279528,0.197239,0.197239,-0.492126,-1.328740,-1.213911,-0.807087,-0.389764,-0.075459,0.000000,10160.000000
0.394477,0.394477,-1.577909,-0.196850,-0.196850,0.098619,-1.163708,-0.999343,-0.729783,-0.276134,0.118343,0.000000,10140.000000
0.199800,1.298701,-0.099900,-1.282051,-1.282051,1.118881,0.149850,0.246420,0.404595,0.947053,1.371961,-1.000000,10010.000000
-0.200200,0.200200,-0.900901,-0.199800,-0.199800,0.980981,0.430430,0.487154,0.505506,1.125125,1.378045,0.000000,9990.000000
0.403226,0.806452,-0.201613,-0.700701,-0.700701,1.250000,1.290323,1.149194,1.144153,1.750000,1.955645,-1.000000,9920.000000
-0.601202,0.300601,-1.803607,0.604839,0.604839,0.280561,0.791583,0.394122,0.495992,0.841683,1.219105,1.000000,9980.000000
-1.501502,0.000000,-1.801802,0.100200,0.100200,-0.120120,0.740741,0.173507,0.335335,0.584585,0.997664,0.000000,9990.000000
0.713558,1.019368,-2.854230,-1.801802,-1.801802,1.304791,2.242610,1.896024,2.043833,2.222222,2.721713,-1.000000,9810.000000
-2.193420,0.099701,-2.691924,2.242610,2.242610,-0.837488,-0.129611,-0.259222,-0.144566,-0.083749,0.461948,1.000000,10030.000000
-1.968504,0.196850,-2.066929,1.296112,1.296112,-1.633858,-1.387795,-1.279528,-1.338583,-1.322835,-0.816929,1.000000,10160.000000
-0.684262,2.052786,-0.684262,0.688976,0.688976,-1.818182,-1.994135,-1.720430,-1.999022,-1.931574,-1.655262,1.000000,10230.000000
-2.556818,0.662879,-3.125000,3.225806,3.225806,-3.806818,-4.659091,-4.400252,-4.876894,-4.825758,-4.671717,1.000000,10560.000000
0.857143,1.047619,-2.761905,-0.568182,-0.568182,-1.942857,-3.647619,-3.631746,-4.085714,-4.118095,-4.069841,-1.000000,10500.000000
-2.089269,0.284900,-2.089269,0.285714,0.285714,-1.272555,-3.409307,-3.672048,-4.064578,-4.163343,-4.235518,0.000000,10530.000000
-0.660377,2.075472,-1.415094,0.664767,0.664767,-1.094340,-3.405660,-4.018868,-4.306604,-4.566038,-4.698113,1.000000,10600.000000
3.115871,3.115871,-0.194742,-3.113208,-3.113208,2.161636,-0.019474,-0.863356,-1.037001,-1.472249,-1.567673,-1.000000,10270.000000
1.282051,2.662722,-0.690335,-1.265823,-1.265823,2.642998,1.410256,0.407627,0.330375,-0.220907,-0.295858,-1.000000,10140.000000
-2.410800,0.289296,-2.892961,2.268245,2.268245,0.115718,-0.298939,-1.587914,-1.788814,-2.283510,-2.410800,1.000000,10370.000000
-0.288462,0.192308,-1.346154,0.289296,0.289296,-0.423077,-0.230769,-1.608974,-1.956731,-2.376923,-2.541667,0.000000,10400.000000
0.968054,0.968054,-0.290416,-0.673077,-0.673077,-0.271055,0.609874,-0.677638,-1.200387,-1.498548,-1.771539,-1.000000,10330.000000
-2.095238,0.380952,-3.333333,1.645692,1.645692,-1.447619,-0.761905,-1.955556,-2.638095,-2.853333,-3.266667,1.000000,10500.000000
-2.095238,0.380952,-3.333333,0.000000,0.000000,-0.761905,-0.819048,-1.631746,-2.466667,-2.640000,-3.161905,0.000000,10500.000000
0.190840,2.099237,-1.240458,-0.190476,-0.190476,-0.362595,-0.648855,-1.017812,-2.056298,-2.328244,-2.818066,0.000000,10480.000000
1.652089,1.652089,-2.040816,-1.812977,-1.812977,1.263363,0.952381,0.978296,-0.102041,-0.474247,-0.900551,-1.000000,10290.000000
-0.196464,0.687623,-0.982318,-1.068999,-1.068999,2.062868,1.630648,2.082515,1.105108,0.616896,0.304519,-1.000000,10180.000000
0.000000,0.688976,-0.885827,-0.196464,-0.196464,1.594488,1.722441,2.237533,1.392717,0.814961,0.597113,0.000000,10160.000000
0.396040,1.287129,-0.099010,-0.590551,-0.590551,1.405941,2.287129,2.541254,2.049505,1.398020,1.247525,-1.000000,10100.000000
-0.492611,0.000000,-1.379310,0.495050,0.495050,0.256158,1.566502,1.806240,1.714286,0.953695,0.748768,0.000000,10150.000000
-0.785855,0.294695,-0.982318,0.295566,0.295566,-0.255403,1.051081,1.277014,1.488212,0.730845,0.458415,0.000000,10180.000000
-0.196464,1.178782,-0.785855,0.000000,0.000000,-0.255403,0.903733,1.001965,1.498035,0.833006,0.471513,0.000000,10180.000000
-1.343570,1.247601,-2.111324,2.357564,2.357564,-2.053743,-1.497121,-1.228407,-0.748560,-1.320537,-1.759437,1.000000,10420.000000
1.056676,1.056676,-0.480307,-0.095969,-0.095969,-1.364073,-1.488953,-0.960615,-0.725264,-1.064361,-1.578610,0.000000,10410.000000
0.192123,0.288184,-0.576369,0.000000,0.000000,-0.864553,-1.556196,-0.934998,-0.768492,-0.833814,-1.450528,0.000000,10410.000000
0.289017,0.674374,-0.770713,-0.288184,-0.288184,-0.192678,-1.184971,-0.661529,-0.553950,-0.412331,-1.040462,0.000000,10380.000000
0.289017,0.289017,-0.770713,0.000000,0.000000,0.192678,-0.992293,-0.629416,-0.659923,-0.327553,-0.892742,0.000000,10380.000000
-3.974122,0.000000,-4.066544,4.238921,4.238921,-3.142329,-4.408503,-4.473198,-4.445471,-4.162662,-4.664202,1.000000,10820.000000
1.310861,1.310861,-1.217228,-1.293900,-1.293900,-1.367041,-2.612360,-3.108614,-2.940075,-2.861423,-3.199126,-1.000000,10680.000000
2.692308,2.692308,-0.192308,-2.621723,-2.621723,1.269231,0.250000,-0.551282,-0.312500,-0.284615,-0.403846,-1.000000,10400.000000
0.775194,0.775194,-0.290698,-0.769231,-0.769231,1.937984,1.162791,0.239018,0.421512,0.406977,0.461886,-1.000000,10320.000000
-0.770713,0.289017,-0.770713,0.581395,0.581395,1.348748,0.770713,-0.211946,-0.134875,-0.258189,-0.048170,1.000000,10380.000000
-0.669216,0.095602,-1.051625,0.770713,0.770713,-0.114723,0.038241,-0.783939,-0.917782,-0.948375,-0.739324,1.000000,10460.000000
0.671141,0.671141,-0.479386,-0.286807,-0.286807,-0.306807,0.345158,-0.287632,-0.666347,-0.552253,-0.495366,0.000000,10430.000000
-1.239275,0.000000,-1.239275,0.575264,0.575264,-0.705434,-0.152526,-0.641881,-1.229743,-1.075310,-1.067683,1.000000,10490.000000
0.286807,1.338432,0.000000,-0.285987,-0.285987,-0.152964,0.210325,-0.178458,-0.865201,-0.768642,-0.806246,0.000000,10460.000000
-0.284900,0.569801,-0.569801,0.669216,0.669216,-0.531814,-0.313390,-0.620449,-1.358025,-1.352327,-1.487813,1.000000,10530.000000
-0.189573,0.284360,-0.758294,0.189934,0.189934,-0.549763,-0.758294,-0.726698,-1.360190,-1.520379,-1.586098,0.000000,10550.000000
-0.662252,0.189215,-1.040681,0.189573,0.189573,-0.473037,-1.050142,-0.813623,-1.324503,-1.680227,-1.636708,0.000000,10570.000000
1.421801,1.421801,-1.421801,-0.189215,-0.189215,-0.170616,-0.720379,-0.537125,-0.947867,-1.467299,-1.393365,0.000000,10550.000000
2.621359,2.621359,-0.485437,-2.369668,-2.369668,1.941748,1.669903,1.825243,1.514563,0.928155,0.967638,-1.000000,10300.000000
0.097656,0.585938,-2.441406,-0.582524,-0.582524,1.972656,2.128906,2.330729,2.138672,1.542969,1.529948,-1.000000,10240.000000
0.198020,1.287129,-0.099010,-1.367188,-1.367188,2.495049,3.188119,3.273927,3.396039,2.926733,2.805280,-1.000000,10100.000000
-0.597610,0.597610,-0.796813,-0.594059,-0.594059,2.051793,3.416335,3.466136,3.829681,3.517928,3.266932,-1.000000,10040.000000
-3.368624,0.000000,-3.753609,3.486056,3.486056,-1.693936,-0.163619,-0.025666,0.322425,0.123195,-0.240616,1.000000,10390.000000
-3.368624,0.000000,-3.753609,0.000000,0.000000,-1.520693,-0.230991,0.019249,0.327238,0.204042,-0.208534,0.000000,10390.000000
-3.368624,0.000000,-3.753609,0.000000,0.000000,-1.231954,-0.365736,0.025666,0.332050,0.284889,-0.141161,0.000000,10390.000000
-3.368624,0.000000,-3.753609,0.000000,0.000000,-0.673725,-0.519731,-0.019249,0.125120,0.273340,-0.067372,0.000000,10390.000000
-3.368624,0.000000,-3.753609,0.000000,0.000000,0.000000,-0.692974,-0.044915,-0.014437,0.265640,0.025666,0.000000,10390.000000
3.106212,4.008016,-0.400802,-3.946102,-3.946102,3.286573,2.815631,3.720775,3.882766,4.212425,4.078156,-1.000000,9980.000000
-1.573255,1.671583,-2.261554,1.903808,1.903808,0.924287,0.766962,1.592920,1.868240,2.182891,2.130449,1.000000,10170.000000
-2.713178,0.000000,-3.003876,1.474926,1.474926,-0.678295,-0.620155,-0.019380,0.358527,0.674419,0.691214,1.000000,10320.000000
-2.713178,0.000000,-3.003876,0.000000,0.000000,-0.813953,-0.406977,-0.167959,0.290698,0.480620,0.658915,0.000000,10320.000000
-0.291262,1.941748,-1.456311,-0.193798,-0.193798,-0.796117,0.038835,-0.148867,0.422330,0.528155,0.818770,0.000000,10300.000000
-1.826923,0.000000,-1.826923,0.970874,0.970874,-0.942308,-0.913462,-1.205128,-0.586538,-0.438462,-0.153846,1.000000,10400.000000
-0.482625,0.289575,-0.482625,-0.384615,-0.384615,-0.193050,-0.559846,-0.785071,-0.250965,-0.038610,0.225225,0.000000,10360.000000
0.386473,0.483092,-1.642512,-0.096525,-0.096525,-0.038647,-0.502415,-0.618357,-0.241546,0.046377,0.312399,0.000000,10350.000000
-0.873786,0.388350,-1.067961,-0.483092,-0.483092,0.407767,-0.106796,-0.006472,0.121359,0.469903,0.631068,0.000000,10300.000000
-0.389484,0.584226,-0.389484,-0.291262,-0.291262,0.642649,0.068160,0.434924,0.267770,0.701071,0.791951,0.000000,10270.000000
0.097466,0.389864,-0.194932,-0.097371,-0.097371,0.467836,0.438596,0.448343,0.224172,0.709552,0.844704,0.000000,10260.000000
0.784314,0.882353,-1.470588,-0.584795,-0.584795,0.745098,1.058824,0.915033,0.764706,1.200000,1.398693,-1.000000,10200.000000
0.891089,0.891089,-1.980198,-0.980392,-0.980392,1.247525,1.841584,1.722772,1.693069,2.031683,2.310231,-1.000000,10100.000000
-0.891972,0.099108,-1.288404,-0.099010,-0.099010,0.931615,1.714569,1.625372,1.788900,1.950446,2.289395,0.000000,10090.000000
-0.990099,0.000000,-1.485149,0.099108,0.099108,0.495050,1.415842,1.333333,1.717822,1.663366,2.079208,0.000000,10100.000000
1.300000,1.300000,-0.100000,-0.990099,-0.990099,0.980000,2.030000,2.360000,2.540000,2.460000,2.936667,-1.000000,10000.000000
0.505050,0.808081,-1.212121,-1.000000,-1.000000,1.393939,2.595960,3.212121,3.328283,3.333333,3.787879,-1.000000,9900.000000
0.405680,0.912779,-0.101420,-0.404040,-0.404040,1.318458,2.515213,3.319811,3.478702,3.598377,3.982420,0.000000,9860.000000
-0.101317,0.405268,-0.911854,0.101420,0.101420,0.770010,1.975684,2.911179,3.110436,3.400203,3.647416,0.000000,9870.000000
0.822199,2.055498,-0.616650,-1.418440,-1.418440,1.459404,2.887975,4.001370,4.254882,4.760534,4.850976,-1.000000,9730.000000
-0.205761,1.131687,-0.205761,-0.102775,-0.102775,0.987654,2.438272,3.641975,4.228395,4.592593,4.674211,0.000000,9720.000000
-1.010101,0.303030,-1.010101,1.851852,1.851852,-0.848485,0.272727,1.447811,2.196970,2.492929,2.636364,1.000000,9900.000000
0.606061,0.606061,-0.303030,0.000000,0.000000,-0.767677,0.070707,1.144781,1.984848,2.294950,2.521886,0.000000,9900.000000
0.603622,1.106640,-0.603622,0.404040,0.404040,-1.026157,-0.482897,0.496311,1.383300,1.702213,2.055667,0.000000,9940.000000
0.608519,1.419878,-0.709939,-0.804829,-0.804829,0.040568,0.081136,1.034483,1.982759,2.312373,2.822853,-1.000000,9860.000000
0.712831,1.221996,-0.712831,-0.405680,-0.405680,0.651731,0.305499,1.147318,2.102851,2.663951,3.048201,0.000000,9820.000000
0.101215,0.101215,-0.809717,0.610998,0.610998,0.000000,-0.323887,0.317139,1.239879,1.923077,2.250337,1.000000,9880.000000
